253 12811
253 12812
253 12813
253 12814
253 12815
253 12816
253 12817
253 12818
294 12811
294 12812
294 1232
294 16040
294 16041
294 16042
214 1232
123 4140
22 4623
22 4624
58 555
368 18075
385 18075
331 18071
331 18072
331 18073
331 18074
331 18075
190 8579
190 8580
190 8581
190 8582
44 13090
44 13091
44 13092
44 13093
37 5080
37 5081
37 5082
37 5083
37 5084
37 5085
37 5086
37 5087
37 5088
37 5089
37 5090
15 18384
15 18385
17 3330
17 3331
17 3332
17 3333
17 3334
17 3335
17 3336
17 3337
17 3338
17 3339
17 3340
17 3341
40 2286
18 10642
18 10643
18 6364
18 6365
18 10644
18 10645
18 6366
18 10646
18 10647
18 10648
18 6367
18 6368
335 18218
43 5029
43 5030
12 10828
12 10829
12 10830
12 10831
12 10832
12 10833
49 140
49 141
49 142
49 143
38 13956
38 13957
38 13958
27 3514
4 5636
4 5637
4 5638
80 1754
36 5970
36 5971
240 5970
240 5971
16 19935
16 19936
16 19937
16 19938
16 19939
13 12712
13 12713
13 12714
67 846
20 16133
20 16134
30 153
30 154
30 155
31 13298
31 13299
31 13300
345 18612
24 6788
42 19452
42 19453
42 19454
42 19455
2 17931
2 17932
2 17933
2 17934
2 17935
2 17936
2 17937
2 17938
2 17939
14 4875
14 4876
14 4877
14 4878
14 4879
14 4880
14 4881
14 4882
14 4883
26 751
26 752
26 753
26 4260
26 754
26 755
26 756
26 757
319 13808
319 13809
19 3220
19 3221
19 3222
19 3223
19 3224
21 6981
21 6982
21 6983
8 2915
11 18937
11 18938
11 18939
11 18940
32 5747
32 5748
32 5749
32 5750
32 5751
32 5752
34 12741
34 12742
34 12743
34 12744
34 12745
34 12746
34 12747
34 12748
34 12749
34 12750
34 12751
34 12752
34 12753
34 12754
34 12755
34 12756
34 12757
34 12758
34 12759
34 12760
34 12761
34 12762
34 12763
34 12764
34 12765
34 12766
34 12767
41 22970
41 22971
41 22972
41 22973
41 22974
41 22975
41 22976
41 22977
41 22978
41 22979
41 22980
41 22981
41 22982
41 22983
41 22984
41 22985
41 22986
41 22987
41 22988
41 22989
41 22990
41 22991
41 22992
41 22993
41 22994
41 22995
41 22996
41 22997
33 12727
33 12728
33 20243
33 18233
206 9449
50 162
50 163
50 164
50 165
50 166
50 167
50 168
25 19846
25 19847
25 19848
25 19849
1 12795
1 12796
1 12797
1 12798
1 12799
1 12800
1 12801
1 12802
5 15039
5 15040
5 7570
5 15041
5 7571
5 15042
5 7572
203 9356
10 3232
10 3233
10 3234
10 3235
10 3236
6 7560
6 7561
6 7562
6 7563
6 7564
39 1069
39 1070
39 1071
39 1072
39 1073
9 18102
9 18103
9 18104
9 18105
9 18106
9 18107
9 18108
9 18109
9 18110
9 18111
9 18112
9 18113
9 18114
9 18115
9 18116
9 18117
9 18118
222 10579
29 8379
29 8380
29 8381
29 8382
28 18653
28 18654
28 18655
28 18656
23 434
23 435
23 436
23 437
23 438
23 439
23 440
23 441
23 442
23 443
23 444
23 445
23 446
23 447
7 5528
7 5529
7 5530
7 5531
7 5532
7 5533
7 5534
7 5535
7 5536
7 5537
7 5538
7 5539
7 5540
7 5541
7 5542
7 5543
7 5544
7 5545
7 5546
7 5547
7 5548
7 5549
7 5550
