299


#1 0.592970558985091  1  36  1

REVERSED_00000486	0	0	1	0.592970558985091	1	36	1	0.592970558985091
EPHTVTNEPMMNR 5.94520939320175e-005)	0	0	5.94448401398964e-005	0	0	



#2 1   30  5760  35

O60242	0	0	1	0.653217109139569	1	92	30	1
MNIGMETLPHER 1.32343828968388e-006)	0	0	8.48145060279484e-008	0	0	

P02538	0.0149574279785156	0	0	0.339074051965295	1	40	30	1
NLDLDSIIAEVK 1)	1	1	1	1	1	

P04259	0.015228271484375	0	0	0.357531410629446	1	40	30	1
NLDLDSIIAEVK 1)	1	1	1	1	1	

P04264	0.0819778442382813	1	1	1	8	42	30	1
FLEQQNQVLQTK 1)	1	1	1	1	1	
IEISELNR 0.186174714043369)	0	0	0.0996333619833831	0	0.2	
SISISVAR 0.184772970901518)	0	0	0.121918421166938	0	0.24	
SLDLDSIIAEVK 1)	1	1	1	1	1	
SLVNLGGSK 0.0955279110360102)	0	0	0.0560225376636547	0	0.149253731343284	
TLLEGEESR 0.261106989750058)	0	0	0.33499489537763	0	0.402985074626866	
WELLQQVDTSTR 0.985598857637458)	1	1	0.999681451418242	1	1	
YEELQITAGR 0.692235161296982)	1	1	0.925054480365094	1	0.835	

P13647	0.0158119201660156	0	0	0.328987464258459	1	39	30	1
NLDLDSIIAEVK 1)	1	1	1	1	1	

P32322	0	0	1	0.624128062850658	1	19	30	1
LGAQALLGAAK 7.92573648970679e-005)	0	0	4.15864645302268e-006	0	0	

P35908	0.0467453002929688	1	1	0.879267441185423	6	46	30	1
FLEQQNQVLQTK 1)	1	1	1	1	1	
IEISELNR 0.186174714043369)	0	0	0.0996333619833831	0	0.2	
NLDLDSIIAEVK 1)	1	1	1	1	1	
SLVGLGGTK 0.133284551445184)	0	0	0.0972654166733248	0	0.174129353233831	
VDLLNQEIEFLK 0.892620416502225)	1	1	0.872946913448665	1	0.696517412935323	
YLDGLTAER 0.0952564533721443)	0	0	0.0538995376021811	0	0.134328358208955	

P48668	0.0152511596679688	1	0	0.333234474358361	1	40	30	1
NLDLDSIIAEVK 1)	1	1	1	1	1	

Q13224	0	0	1	0.627352394579947	1	91	30	1
AYMAVGSLTINEER 2.65457175212538e-006)	0	0	1.5136047196483e-007	0	0	

Q5VST9	0	0	1	0.624900491609524	2	487	30	1
CLAENSMGVSSTK 5.76125690904273e-007)	0	0	1.97487343992882e-008	0	0	
GEIFDIYVVTADYLPLGAEQDAITLR 4.81370680515022e-008)	0	0	2.28128897432111e-009	0	0	

Q7L7X3	0	0	1	0.703819515204525	1	71	30	1
ERPETVLIDLIQR 9.76603452634645e-006)	0	0	5.37553931164666e-007	0	0	

Q7Z794	0	0	1	0.715605101063489	0	38	30	1

Q8WXI7	0	0	1	0.64868720367596	1	624	30	1
EQLYWELSQLTNGIK 8.29676687605476e-007)	0	0	3.32959252602861e-008	0	0	

Q8WZ42	0	0	1	0.664662794626733	1	2432	30	1
DSMVVCWGHPDSDGGSEIINYIVER 6.41220479914835e-009)	0	0	3.55801300927226e-010	0	0	

Q92616	0	0	1	0.718761237525156	1	202	30	1
QAAAIILNIYCSR 1.76417454363974e-006)	0	0	1.20106079563814e-007	0	0	

Q96C36	0	0	1	0.673391515576026	0	17	30	1

Q96T58	0	0	1	0.646788561497066	1	240	30	1
AEKPDATADAEPDANQK 1.23938229542725e-006)	0	0	7.47582074122234e-008	0	0	

Q9NSN8	0	0	1	0.686785242575404	1	33	30	1
NFPVNQQIVYMGWCEAR 4.01716868614325e-006)	0	0	2.17130489842425e-007	0	0	

Q9NUY8	0	0	1	0.731399965888978	1	45	30	1
EEEDMYMNMVLAHFLQK 2.80727759524779e-006)	0	0	1.706834581251e-007	0	0	

Q9UPA5	0	0	1	0.652541728904099	1	227	30	1
QASATTPGHESPR 5.13025280802785e-007)	0	0	2.45457419303441e-008	0	0	

Q9Y4F1	0	0	1	0.66041805939799	1	81	30	1
MFFLFNDVLLYTSR 7.84330974278489e-006)	0	0	2.88095456200255e-007	0	0	

REVERSED_00000535	0	0	1	0.609082401106329	1	331	30	1
QSMENQLGDIQQK 1.79843649882149e-006)	0	0	8.55405558894761e-008	0	0	

REVERSED_00004004	0	0	1	0.625815081424686	1	136	30	1
SSNSKPIFLSLSNTVK 1.36027049234893e-006)	0	0	6.6294211840508e-008	0	0	

REVERSED_00010125	0	0	1	0.565257538015979	1	16	30	1
QIVSRPQLDK 0.00161651169295742)	0	0	7.81373508198103e-005	0	0.005	

REVERSED_00012044	0	0	1	0.64363960765641	1	156	30	1
LVLSPLSMDLAR 4.91804765741686e-006)	0	0	3.23337236146581e-007	0	0	

REVERSED_00012763	0	0	1	0.654337694492421	1	29	30	1
CCQSMVLSLTASLPTGQLAASALEAR 1.1947688654823e-006)	0	0	5.05327973179859e-008	0	0	

REVERSED_00013274	0.0274658203125	1	1	0.688729591579505	1	29	30	1
GRPVPPPPPAAGR 0.412565804642453)	1	0	0.400885589531855	0	0.33	

REVERSED_00014127	0	0	1	0.619840916346118	1	16	30	1
EENAAEESFLSR 8.15271113168004e-006)	0	0	3.84380266252783e-007	0	0	

REVERSED_00014986	0	0	1	0.651530909691182	1	172	30	1
MLQAAETIADHTHQAKPNGGGEK 7.0278831376449e-007)	0	0	3.0007472007524e-008	0	0	

REVERSED_00015539	0	0	1	0.700692708585497	1	54	30	1
GDEILTVVATSFGFLFVIYVFMFR 1.22889441695382e-007)	0	0	7.08265934773133e-009	0	0	




#3 0.592971753529218  1  39  1

REVERSED_00012118	0	0	1	0.592971753529218	1	39	1	0.592971753529218
FFMSVQQLAIETYNASYNNPDLFK 1.46990425709413e-006)	0	0	1.46977769677563e-006	0	0	




#4 0.999843573206295  1  10  2

P63279	0.15863037109375	1	1	0.999843573206295	2	10	1	0.999843573206295
DHPFGFVAVPTK 0.99467149944098)	1	1	0.997618659426816	1	1	
GTPWEGGLFK 0.984112066677664)	1	1	0.992518370010314	1	1	




#5 0.592980086593719  1  19  1

REVERSED_00014689	0	0	1	0.592980086593718	1	19	1	0.592980086593719
HMSHLILHGHPDLTSNTLK 5.08525407480714e-005)	0	0	5.08474499756219e-005	0	0	




#6 0.592963673747705  1  21  1

REVERSED_00001261	0	0	1	0.592963673747705	1	21	1	0.592963673747705
NEDVDCFAVVK 4.08703573554875e-005)	0	0	4.08657383388784e-005	0	0	




#7 0.592985893796857  1  24  1

Q9NX62	0	0	1	0.592985893796857	1	24	1	0.592985893796857
EMLAVSVLAAVR 1.15612179833038e-005)	0	0	1.15605300491465e-005	0	0	




#8 0.592966085572215  1  109  1

REVERSED_00012881	0	0	1	0.592966085572215	1	109	1	0.592966085572215
QLIQQLDFAEK 2.87558101128426e-006)	0	0	2.87530519548089e-006	0	0	




#9 0.592951900706482  1  27  1

REVERSED_00007076	0	0	1	0.592951900706482	1	27	1	0.592951900706482
ESSPHYPPFSWSYPSDDTHNSSIGPHFVK 7.21684489598218e-006)	0	0	7.21596088883701e-006	0	0	




#10 0.605203699667271  1  13  1

P55145	0.01458740234375	1	1	0.605203699667271	1	13	1	0.605203699667271
QIDLSTVDLK 0.201405184053938)	0	0	0.182853818219393	1	1	




#11 0.592982931666669  1  64  1

O94812	0	0	1	0.592982931666669	1	64	1	0.592982931666669
DPNGFSDPYCMLGILPASDATR 2.06208517603786e-007)	0	0	2.06194508170211e-007	0	0	




#12 1  5  139  10

P02533	0.0042266845703125	1	1	0.55212826924063	1	38	5	1
VTMQNLNDR 0.696939075747451)	1	1	0.790022627260486	1	0.755	

P08779	0.00372314453125	1	1	0.553739953519107	1	37	5	1
VTMQNLNDR 0.696939075747451)	1	1	0.790022627260486	1	0.755	

P13645	0.0910415649414063	1	1	1	5	32	5	1
ALEESNYELEGK 1)	1	1	1	1	1	
DAEAWFNEK 0.952136605669403)	1	1	0.973359587611772	1	0.96	
SQYEQLAEQNR 0.925735337069011)	1	1	0.959906954220549	1	0.955	
VLDELTLTK 0.981785808072644)	1	1	0.990360525874314	1	0.995	
VTMQNLNDR 0.696939075747451)	1	1	0.790022627260486	1	0.755	

P35527	0.05743408203125	1	1	1	4	37	5	1
EIETYHNLLEGGQEDFESSGAGK 1)	1	1	1	1	1	
MTLDDFR 0.0486567520891798)	0	0	0.0803568315263584	0	0.1	
STMQELNSR 0.915192123487579)	1	1	0.948844390544015	1	0.945	
TLLDIDNTR 0.974631873121987)	1	1	0.986366128625303	1	0.985	

Q96KJ9	0	0	1	0.592982478557482	1	15	5	1
VNPVQGLASR 5.54391911702288e-005)	0	0	5.40066159409068e-005	0	0	




#13 1  1  15  4

P01375	0.259613037109375	1	1	1	4	15	1	1
ANALLANGVELR 1)	1	1	1	1	1	
GQGCPSTHVLLTHTISR 0.997389827471124)	1	1	0.999012694673334	1	1	
IAVSYQTK 0.925168550489308)	1	1	0.971704469544783	1	1	
VNLLSAIK 0.952304408410604)	1	1	0.974349134874462	1	1	




#14 0.83431623854117  2  194  2

Q9UKG9	0	0	1	0.592962860735447	1	43	2	0.83431623854117
EASDLQIAAYAFTSFGK 9.07807125377341e-006)	0	0	9.0771105087206e-006	0	0	

REVERSED_00016590	0	0	1	0.592951734679071	1	152	2	0.83431623854117
MPGGLSEELSGHYGGR 4.66768465149258e-006)	0	0	4.66711650733758e-006	0	0	




#15 0.834316718563541  2  57  2

P17658	0	0	1	0.592964284445345	1	25	2	0.834316718563541
ATDNGLGKPDFPEANR 1.71731760843016e-005)	0	0	1.71714177855948e-005	0	0	

P22459	0	0	1	0.592951490237933	1	34	2	0.834316718563541
ELSEEEEDEEEEEEEEEEGR 2.305862831908e-005)	0	0	2.30557551011049e-005	0	0	




#16 0.834324564466359  2  53  1

P11464	0	0	1	0.59296684424489	1	31	2	0.834324564466359
FTFTLHLETPKPSISSSNLNPR 9.56952379923548e-007)	0	0	9.56861381762158e-007	0	0	

Q00888	0	0	1	0.592968206174046	0	30	2	0.834324564466359




#17 0.592968637203229  1  19  1

Q9BTD3	0	0	1	0.592968637203229	1	19	1	0.592968637203229
LFWVALDLLDLLDMQASLWEPPR 3.20788142004116e-006)	0	0	3.20758170271004e-006	0	0	




#18 0.59295413246705  1  320  1

Q9NYC9	0	0	1	0.59295413246705	1	320	1	0.59295413246705
WPLMVDPQLQGIK 7.66553120452483e-007)	0	0	7.66464122797392e-007	0	0	




#19 0.592959671961489  1  44  1

REVERSED_00011092	0	0	1	0.592959671961489	1	44	1	0.592959671961489
GNIGEDPDTATLMLLR 7.0136686568814e-006)	0	0	7.01291226460696e-006	0	0	




#20 0.592950947278641  1  34  1

REVERSED_00003856	0	0	1	0.592950947278641	1	34	1	0.592950947278641
INQFNTVMMAVIISR 0.000572174717303648)	0	0	0.000571896822777391	0	0	




#21 0.834337333075013  2  37  1

P31483	0	0	1	0.592984196028671	1	23	2	0.834337333075013
QTFSPFGQIMEIR 9.43534021289027e-005)	0	0	9.43454589021822e-005	0	0	

Q01085	0	0	1	0.59298222452814	1	23	2	0.834337333075013
QTFSPFGQIMEIR 9.43534021289027e-005)	0	0	9.43454589021822e-005	0	0	




#22 0.592954479539196  1  33  1

REVERSED_00007331	0	0	1	0.592954479539196	1	33	1	0.592954479539196
SSQVTIPSSQTEPK 7.27420245911979e-005)	0	0	7.27313084321851e-005	0	0	




#23 0.592956444117152  1  53  1

REVERSED_00000460	0	0	1	0.592956444117152	1	53	1	0.592956444117152
LCSAPTAPLPESR 6.67192954303359e-006)	0	0	6.67119299264851e-006	0	0	




#24 0.592975848830289  1  63  1

O75113	0	0	1	0.592975848830289	1	63	1	0.592975848830289
LEEFLQK 5.31100788668218e-007)	0	0	5.31058265610783e-007	0	0	




#25 0.592980641084029  1  34  1

REVERSED_00006470	0	0	1	0.592980641084029	1	34	1	0.592980641084029
LIVHGGNGGDGGDPGGFEK 1.38735430514232e-005)	0	0	1.38724507224453e-005	0	0	




#26 0.834330095152013  2  52  1

Q3SXM0	0	0	1	0.592969949692465	1	24	2	0.834330095152013
SGEIFAIDLR 9.82775756551215e-005)	0	0	9.82669192867023e-005	0	0	

Q8WV16	0	0	1	0.592978688075211	1	31	2	0.834330095152013
SGEIFAIDLR 9.82775756551215e-005)	0	0	9.82669192867023e-005	0	0	




#27 0.592963247194699  1  67  1

REVERSED_00000625	0	0	1	0.592963247194699	1	67	1	0.592963247194699
ELTNSHFVPGDTK 7.9446251683931e-006)	0	0	7.94381254622131e-006	0	0	




#28 0.592982928553121  1  51  1

REVERSED_00000208	0	0	1	0.592982928553121	1	51	1	0.592982928553121
VVQGFLVSLNAMSR 2.96991238649464e-006)	0	0	2.9697138915245e-006	0	0	




#29 0.592980216400795  1  51  1

Q6ZRS4	0	0	1	0.592980216400795	1	51	1	0.592980216400795
LGPTPLSNCPVGEK 4.61732238010848e-005)	0	0	4.61686501323496e-005	0	0	




#30 0.592954647899712  1  11  1

REVERSED_00001983	0	0	1	0.592954647899712	1	11	1	0.592954647899712
LPFILFGSFSSYK 0.000485588086018694)	0	0	0.000485423017200237	0	0	




#31 0.592979482758968  1  40  1

REVERSED_00014413	0	0	1	0.592979482758968	1	40	1	0.592979482758968
ELEEVMNIR 8.98665305058578e-005)	0	0	8.98549177411185e-005	0	0	




#32 0.592977322126158  1  28  1

P36957	0	0	1	0.592977322126158	1	28	1	0.592977322126158
EAVTFLR 3.69011080051253e-006)	0	0	3.68983022515821e-006	0	0	




#33 0.592957312077081  1  77  1

Q9BTW9	0	0	1	0.592957312077081	1	77	1	0.592957312077081
LQQVLTGLR 2.0476649237666e-005)	0	0	2.04741361250508e-005	0	0	




#34 1  1  29  11

P08758	0.3101806640625	1	1	1	11	29	1	1
ALLLLCGEDD 1)	1	1	1	1	1	
ETSGNLEQLLLAVVK 0.997929570099551)	1	1	0.999350410622278	1	1	
FITIFGTR 0.920588968843651)	1	1	0.977352838233869	1	1	
GAGTDDHTLIR 0.987022675478768)	1	1	0.997021913672083	1	1	
GLGTDEESILTLLTSR 1)	1	1	1	1	1	
GTVTDFPGFDER 0.989737838131077)	1	1	0.996682590045751	1	1	
LYDAYELK 0.985126846790407)	1	1	0.992911215588659	1	1	
NFATSLYSMIK 1)	1	1	1	1	1	
SEIDLFNIR 0.998194430411744)	1	1	0.999595331103396	1	1	
SIPAYLAETLYYAMK 0.943390485894504)	1	1	0.979696318344285	1	1	
VLTEIIASR 0.994917035634541)	1	1	0.998574991948634	1	1	




#35 0.592953235120934  1  37  1

Q9P0J1	0	0	1	0.592953235120934	1	37	1	0.592953235120934
AMLGVQEEDGSWSAVTLSNDHNAQNER 1.20543785808033e-006)	0	0	1.20529515405581e-006	0	0	




#36 0.997531560584275  1  9  2

P63165	0.20281982421875	1	1	0.997531560584274	2	9	1	0.997531560584275
FLFEGQR 0.514926917539881)	1	1	0.647209991003106	1	1	
VIGQDSSEIHFK 0.997051879563008)	1	1	0.996395915847498	1	1	




#37 0.592985965346953  1  36  1

Q9NP61	0	0	1	0.592985965346953	1	36	1	0.592985965346953
LANTCFNEIEK 3.13552510553062e-006)	0	0	3.13533311274055e-006	0	0	




#38 1  2  52  12

P06732	0.586822509765625	1	1	1	12	29	2	1
ELFDPIISDR 0.994839809840798)	1	1	0.999145617248497	1	1	
FCVGLQK 0.884132207528576)	1	1	0.944691542460438	1	1	
FEEILTR 0.254835694556266)	0	0	0.384310119144136	0	0	
GGDDLDPNYVLSSR 1)	1	1	1	1	1	
GQSIDDMIPAQK 0.998612536276807)	1	1	0.99978534882775	1	1	
GTGGVDTAAVGSVFDVSNADR 1)	1	1	1	1	1	
LGSSEVEQVQLVVDGVK 1)	1	1	1	1	1	
LMVEMEK 0.576061626968112)	1	1	0.701900381844198	0	0	
LNYKPEEEYPDLSK 1)	1	1	1	1	1	
LSVEALNSLTGEFK 1)	1	1	1	1	1	
SFLVWVNEEDHLR 0.971402088884521)	1	1	0.996044415013937	1	1	
VLTLELYK 0.962682672368713)	1	1	0.983621855251513	1	1	

P12277	0	0	1	0.592982963085169	0	26	2	1




#39 0.592983497277968  1  40  1

REVERSED_00000483	0	0	1	0.592983497277968	1	40	1	0.592983497277968
QFTGESGVQER 3.15143094167131e-006)	0	0	3.15122038796304e-006	0	0	




#40 0.592965198173386  1  36  1

Q8IWU9	0	0	1	0.592965198173386	1	36	1	0.592965198173386
YFVDVAMGYK 1.16639596102934e-005)	0	0	1.16628144578596e-005	0	0	



#41 0.592979765413542  1  25  0

REVERSED_00014847	0	0	1	0.592979765413542	0	25	1	0.592979765413542




#42 0.592951478310421  1  162  1

REVERSED_00014774	0	0	1	0.592951478310421	1	162	1	0.592951478310421
IYGISTHTSMSHR 2.26002421692181e-006)	0	0	2.25975072951864e-006	0	0	




#43 0.592984560055231  1  130  1

Q8TF72	0	0	1	0.592984560055231	1	130	1	0.592984560055231
QPLPPYTPAMMHR 4.50044613747814e-007)	0	0	4.50015371277749e-007	0	0	




#44 0.592967754703133  1  32  1

REVERSED_00005533	0	0	1	0.592967754703133	1	32	1	0.592967754703133
CPEQCQAELQAVK 3.78794054983186e-005)	0	0	3.78751867429713e-005	0	0	




#45 0.592970726353606  1  42  1

REVERSED_00014972	0	0	1	0.592970726353606	1	42	1	0.592970726353606
EQPTYIVMTEPR 2.72616610043596e-005)	0	0	2.72589656179859e-005	0	0	




#46 0.834324715270081  2  176  2

Q96ST2	0	0	1	0.59296954736983	1	56	2	0.834324715270081
EAEDSDSDDNIK 4.73372556534865e-006)	0	0	4.7332915920733e-006	0	0	

REVERSED_00012871	0	0	1	0.592965873537594	1	121	2	0.834324715270081
NTEELSAITADK 1.94870788603134e-006)	0	0	1.94852143534442e-006	0	0	




#47 0.592962520714247  1  68  1

REVERSED_00010953	0	0	1	0.592962520714247	1	68	1	0.592962520714247
SVMHLHPEEER 1.98262080500074e-006)	0	0	1.98241750804385e-006	0	0	




#48 0.59297257761897  1  15  1

Q9H0F7	0	0	1	0.592972577618971	1	15	1	0.59297257761897
DKPWHICASDAIK 4.31167656884271e-005)	0	0	4.31123874241903e-005	0	0	




#49 0.59297087473351  1  59  1

REVERSED_00000769	0	0	1	0.59297087473351	1	59	1	0.59297087473351
VSAVAEGAIVSMLVSHK 6.00431058845126e-006)	0	0	6.00376694623446e-006	0	0	




#50 0.592985500962183  1  7  1

P01614	0	0	1	0.592985500962183	1	7	1	0.592985500962183
AGQSPQLLIYTLSYR 2.77413424443418e-005)	0	0	2.77393800828799e-005	0	0	




#51 0.592954124026947  1  41  1

REVERSED_00002092	0	0	1	0.592954124026947	1	41	1	0.592954124026947
SGTPEMGDVISQILR 0.000133832855547455)	0	0	0.000133807566382145	0	0	




#52 0.9944830773875  1  7  1

P10145	0.13372802734375	1	1	0.9944830773875	1	7	1	0.9944830773875
VIESGPHCANTEIIVK 0.994926284854865)	1	1	0.992203673589321	0	0	




#53 0.834329938610827  2  83  2

REVERSED_00007683	0	0	1	0.59296121903514	1	47	2	0.834329938610827
YDEVLDQMNNLESNQSTR 5.37988208195853e-005)	0	0	5.37915189849485e-005	0	0	

REVERSED_00007685	0	0	1	0.59298703431535	1	38	2	0.834329938610827
GSGGYSGGGGCGSGYGGGSR 1.30023276705874e-006)	0	0	1.30015410278367e-006	0	0	




#54 0.592977084680811  1  21  1

Q9NTX5	0	0	1	0.592977084680811	1	21	1	0.592977084680811
NALNIGMVEEVLQSSDETK 1.51862885354518e-006)	0	0	1.51851179844936e-006	0	0	




#55 0.592952125076089  1  40  1

Q8N427	0	0	1	0.592952125076089	1	40	1	0.592952125076089
LIENMTSGPSLALVLLR 6.62762735141609e-006)	0	0	6.62683331441449e-006	0	0	




#56 0.834331087604929  2  105  2

Q15910	0	0	1	0.592965513174529	1	55	2	0.834331087604929
EAGTETGGENNDK 2.09656105876573e-006)	0	0	2.09635693323547e-006	0	0	

REVERSED_00014272	0	0	1	0.592985563245144	1	51	2	0.834331087604929
QYLNPMNFPNMFK 1.22829188248844e-005)	0	0	1.22821013462777e-005	0	0	




#57 1  3  199  13

P12081	0.25079345703125	1	1	1	12	44	3	1
AALEELVK 0.559095072734033)	1	1	0.685188898320165	1	0.74	
ASAELIEEEVAK 1)	1	1	1	1	1	
DQGGELLSLR 0.987865048344032)	1	1	0.994484444078411	1	0.985	
GLAPEVADR 0.92853002383425)	1	1	0.955841356272872	1	0.965	
HGAEVIDTPVFELK 1)	1	1	1	1	1	
IFSIVEQR 0.808577378369259)	1	1	0.914730052845081	1	0.915	
ISFDLSLAR 0.877384228305545)	1	1	0.943847052702368	1	0.91	
LVSELWDAGIK 0.887693686341337)	1	1	0.964621539055593	1	0.965	
TTETQVLVASAQK 1)	1	1	1	1	1	
VFDVIIR 0.989701346068465)	1	1	0.995260704696749	1	0.99	
YDGLVGMFDPK 1)	1	1	1	1	1	
YDLTVPFAR 0.996770106141854)	1	1	0.998672120667394	1	1	

P49590	0.0550651550292969	0	0	0.0524490458169459	5	38	3	1
DQGGELLSLR 0.987865048344032)	1	1	0.994484444078411	1	0.985	
GLAPEVADR 0.92853002383425)	1	1	0.955841356272872	1	0.965	
ISFDLSLAR 0.877384228305545)	1	1	0.943847052702368	1	0.91	
YDGLVGMFDPK 1)	1	1	1	1	1	
YDLTVPFAR 0.996770106141854)	1	1	0.998672120667394	1	1	

REVERSED_00015510	0	0	1	0.593012954357329	1	127	3	1
SSGLDQMVSEAQK 7.09792857239634e-006)	0	0	7.06470732231418e-006	0	0	




#58 0.592984384322809  1  174  1

P21359	0	0	1	0.592984384322809	1	174	1	0.592984384322809
AEVMADTAVALASGNVK 3.16495513098251e-006)	0	0	3.16474289985577e-006	0	0	




#59 0.592971100447164  1  26  1

Q9NYK5	0	0	1	0.592971100447164	1	26	1	0.592971100447164
SILALVDGQPWDMYKPLTK 3.83201116091522e-006)	0	0	3.83167971915311e-006	0	0	




#60 0.834335650370447  2  342  2

Q7Z6Z7	0	0	1	0.592979544416216	1	253	2	0.834335650370447
TVSEWISQMATLPQASNLATR 4.14450122060419e-006)	0	0	4.14418533081001e-006	0	0	

Q9ULU8	0	0	1	0.592982742373615	1	90	2	0.834335650370447
LQTDQAEASKPTWGTQGDFSTTHALPAVK 2.96969441835023e-007)	0	0	2.96949175194933e-007	0	0	




#61 0.592985389968487  1  90  1

REVERSED_00000740	0	0	1	0.592985389968487	1	90	1	0.592985389968487
QEMTHVPSPSCGNLSSAGYK 8.0205813389019e-006)	0	0	8.02002999827444e-006	0	0	




#62 0.59296429925776  1  28  1

REVERSED_00000842	0	0	1	0.59296429925776	1	28	1	0.59296429925776
GCVDEMDAGLR 0.000172164592527807)	0	0	0.000172130133443717	0	0	




#63 0.787738641729885  1  15  1

P02763	0.030181884765625	1	1	0.787738641729884	1	15	1	0.787738641729885
SDVVYTDWK 0.751949674446291)	1	1	0.659774349142115	1	1	




#64 0.592979142118972  1  21  1

Q8N7B1	0	0	1	0.592979142118972	1	21	1	0.592979142118972
EPINVQVGFVSTGFHSMK 3.33517135940749e-006)	0	0	3.33492714196771e-006	0	0	




#65 0.592981400466159  1  20  1

REVERSED_00011642	0	0	1	0.592981400466159	1	20	1	0.592981400466159
WMNAVSLQQAEFR 1.23027136738999e-005)	0	0	1.23018385382483e-005	0	0	




#66 0.59297487853905  1  29  1

REVERSED_00005247	0	0	1	0.59297487853905	1	29	1	0.59297487853905
SSDQALALSFFPPSYPR 9.48461530846231e-006)	0	0	9.4838407998158e-006	0	0	




#67 0.592980344752153  1  64  1

Q5XXA6	0	0	1	0.592980344752153	1	64	1	0.592980344752153
QQLLETWMEK 6.37048530244654e-007)	0	0	6.37002678084928e-007	0	0	




#68 0.592965706732894  1  52  1

P48147	0	0	1	0.592965706732894	1	52	1	0.592965706732894
GGGEYGETWHK 3.42530635868746e-006)	0	0	3.42497642085102e-006	0	0	




#69 0.592973273573177  1  28  1

REVERSED_00010939	0	0	1	0.592973273573177	1	28	1	0.592973273573177
AGPGGVGGGGAEK 2.19344778619299e-006)	0	0	2.19326273322659e-006	0	0	




#70 0.592985188937088  1  90  1

Q9NQW6	0	0	1	0.592985188937088	1	90	1	0.592985188937088
VTENQIPAK 7.58614418104862e-007)	0	0	7.58565463881505e-007	0	0	




#71 0.592972381452104  1  44  1

Q4G0J3	0	0	1	0.592972381452104	1	44	1	0.592972381452104
SESEMETDSGVPQNTGMK 3.97009962959311e-006)	0	0	3.96976606342912e-006	0	0	




#72 0.592967901724874  1  31  1

Q96DP5	0	0	1	0.592967901724874	1	31	1	0.592967901724874
LEVVTMPSPSPK 1.22817146180321e-005)	0	0	1.22805404457967e-005	0	0	




#73 0.592964895620715  1  36  1

Q2M3V2	0	0	1	0.592964895620715	1	36	1	0.592964895620715
GTTEPDATGGGSGSLAAR 5.51383805684735e-005)	0	0	5.51314379009329e-005	0	0	




#74 1  1  13  2

P00441	0.2230224609375	1	1	1	2	13	1	1
GDGPVQGIINFEQK 1)	1	1	1	1	1	
HVGDLGNVTADK 0.992707825314813)	1	1	0.997002757021567	1	1	




#75 0.59296904028718  1  105  1

P48681	0	0	1	0.59296904028718	1	105	1	0.59296904028718
EIQDSQVPLEK 6.50716349924771e-007)	0	0	6.50656930800849e-007	0	0	




#76 0.932567207747631  3  507  3

Q01484	0	0	1	0.592984566664628	1	262	3	0.932567207747631
GADSGLLPEPVIR 3.43450517447169e-006)	0	0	3.43427504541791e-006	0	0	

Q7Z7M9	0	0	1	0.592973467360295	1	70	3	0.932567207747631
QSINETPLGSLSK 5.31700264701199e-006)	0	0	5.31655086968286e-006	0	0	

REVERSED_00005692	0	0	1	0.592959572509474	1	177	3	0.932567207747631
SGKPFLASVISMLR 1.15235331324278e-005)	0	0	1.15222233842347e-005	0	0	




#77 0.592968456817445  1  17  1

REVERSED_00003989	0	0	1	0.592968456817445	1	17	1	0.592968456817445
FILSFLYTWWLGGHK 7.06112448447644e-005)	0	0	7.06018756370639e-005	0	0	




#78 0.999999999999888  1  15  6

P15559	0.391098022460938	1	1	0.999999999999888	6	15	1	0.999999999999888
ALIVLAHSER 0.9983685983021)	1	1	0.999648873990347	1	1	
DPANFQYPAESVLAYK 0.998278705275456)	1	1	0.999574687977295	1	1	
EGHLSPDIVAEQK 0.994315223538995)	1	1	0.999030752290797	1	1	
FGLSVGHHLGK 0.996131413531258)	1	1	0.998692071775215	1	1	
IQILEGWK 0.980407340805796)	1	1	0.995615479073827	1	1	
TSFNYAMK 0.986209471207943)	1	1	0.993920423294774	1	1	




#79 0.999999966566221  1  13  4

P20160	0.202255249023438	1	1	0.999999966566221	4	13	1	0.999999966566221
CQVAGWGSQR 0.990289569390372)	1	1	0.99572704672641	1	1	
GPDFFTR 0.962504716940075)	1	1	0.981052273019044	1	1	
HFCGGALIHAR 0.992183958301231)	1	1	0.997389609079708	1	1	
QFPFLASIQNQGR 0.997390718236109)	1	1	0.999096463834946	1	1	




#80 0.592980744848151  1  26  1

Q9NWU1	0	0	1	0.592980744848151	1	26	1	0.592980744848151
SMSSPTIMAIGAAELAMK 4.99451948598559e-006)	0	0	4.99416249361921e-006	0	0	




#81 0.592970779080034  1  30  1

Q9NUD5	0	0	1	0.592970779080034	1	30	1	0.592970779080034
MATGGGAEEER 4.08219471318771e-007)	0	0	4.08183444339509e-007	0	0	




#82 0.592984264427053  1  90  1

Q86SQ0	0	0	1	0.592984264427053	1	90	1	0.592984264427053
QASGTPQPALR 6.31040362741263e-007)	0	0	6.30998927805877e-007	0	0	




#83 0.592977465413589  1  27  1

REVERSED_00006780	0	0	1	0.592977465413589	1	27	1	0.592977465413589
AEAALLNEILFSSAR 1.42850712425824e-005)	0	0	1.4283983632536e-005	0	0	




#84 0.592970579661655  1  20  1

P19235	0	0	1	0.592970579661655	1	20	1	0.592970579661655
LADESGHVVLR 3.69994129158979e-005)	0	0	3.69957382789199e-005	0	0	




#85 0.592967417496694  1  65  1

REVERSED_00014430	0	0	1	0.592967417496694	1	65	1	0.592967417496694
SNPNPADTLLLAISK 9.69726768904147e-006)	0	0	9.69631852881161e-006	0	0	




#86 0.5929670657782  1  25  1

REVERSED_00015560	0	0	1	0.5929670657782	1	25	1	0.5929670657782
YPVPITGTLNMLER 9.88037008079477e-006)	0	0	9.87949091136233e-006	0	0	




#87 1  1  9  3

P02741	0.263275146484375	1	1	1	3	9	1	1
ESDTSYVSLK 0.989115387436288)	1	1	0.996414426484812	1	1	
GYSIFSYATK 1)	1	1	1	1	1	
QDNEILIFWSK 0.894470209609473)	1	1	0.969261547936654	1	1	




#88 0.974199157503051  1  13  1

P01344	0.0699462890625	1	1	0.974199157503052	1	13	1	0.974199157503051
GIVEECCFR 0.976971112425269)	1	1	0.961586026670418	1	1	




#89 0.592980147882003  1  31  1

REVERSED_00009241	0	0	1	0.592980147882003	1	31	1	0.592980147882003
AAWAMLGGVVDR 6.46992883993512e-005)	0	0	6.46920143716809e-005	0	0	




#90 0.592965336897337  1  149  1

REVERSED_00004468	0	0	1	0.592965336897337	1	149	1	0.592965336897337
LIEYCLAACMDAR 1.31440595160964e-005)	0	0	1.31426762259856e-005	0	0	




#91 0.592985203566439  1  41  1

REVERSED_00004540	0	0	1	0.592985203566439	1	41	1	0.592985203566439
NQESGFAPLSLPLEIR 4.7013009713767e-006)	0	0	4.7009993325139e-006	0	0	




#92 0.592959982303467  1  15  1

REVERSED_00008773	0	0	1	0.592959982303466	1	15	1	0.592959982303467
ILNIPVTK 3.92995711596058e-005)	0	0	3.92951712566349e-005	0	0	




#93 0.59296737827705  1  124  1

REVERSED_00003269	0	0	1	0.59296737827705	1	124	1	0.59296737827705
LTMQQGPVPQR 1.21616730354796e-006)	0	0	1.2160531202112e-006	0	0	




#94 0.59297335438382  1  46  1

REVERSED_00005720	0	0	1	0.592973354383821	1	46	1	0.59297335438382
AVSNAVAPGGPIR 1.2398191093167e-005)	0	0	1.23971439185602e-005	0	0	




#95 0.592965763449987  1  114  1

REVERSED_00016978	0	0	1	0.592965763449987	1	114	1	0.592965763449987
VTTEEWVEEK 4.41922576966915e-007)	0	0	4.41879819643398e-007	0	0	




#96 0.592967743410984  1  85  1

REVERSED_00009350	0	0	1	0.592967743410984	1	85	1	0.592967743410984
NLINLVTLTVFAK 3.37183536802733e-006)	0	0	3.37152345951502e-006	0	0	




#97 0.592984137967192  1  13  1

REVERSED_00015168	0	0	1	0.592984137967192	1	13	1	0.592984137967192
EQLNGVYGLYLR 8.99032179212532e-005)	0	0	8.98946678131109e-005	0	0	




#98 0.592985674201106  1  39  1

Q9H5N1	0	0	1	0.592985674201106	1	39	1	0.592985674201106
SQEGANGEAESGELSR 7.33421279915378e-006)	0	0	7.33374256079657e-006	0	0	




#99 0.592975571332651  1  45  1

REVERSED_00002256	0	0	1	0.592975571332651	1	45	1	0.592975571332651
GANTAGVLYVDGR 1.07930467662692e-005)	0	0	1.07921406180199e-005	0	0	




#100 0.834328867788146  2  107  2

REVERSED_00002968	0	0	1	0.592976905176297	1	75	2	0.834328867788146
TAILSLPLVK 7.71641919954042e-006)	0	0	7.71580526503814e-006	0	0	

REVERSED_00012292	0	0	1	0.592968717699883	1	33	2	0.834328867788146
ENIFIWSPYQHAMMTMK 1.1205967282976e-005)	0	0	1.12048681890586e-005	0	0	




#101 1  1  9  3

P69905	0.29473876953125	1	1	1	3	9	1	1
MFLSFPTTK 0.996382719196137)	1	1	0.998956774753276	1	1	
TYFPHFDLSHGSAQVK 0.994855604953038)	1	1	0.997766270120193	1	1	
VGAHAGEYGAEALER 1)	1	1	1	1	1	




#102 0.59296375325159  1  78  1

P21860	0	0	1	0.59296375325159	1	78	1	0.59296375325159
VCDPLCSSGGCWGPGPGQCLSCR 3.527090662119e-006)	0	0	3.52673392041291e-006	0	0	




#103 0.592969609559297  1  25  1

REVERSED_00009286	0	0	1	0.592969609559297	1	25	1	0.592969609559297
YLFTTPAPKPLQK 1.24976746017945e-005)	0	0	1.24965933710626e-005	0	0	




#104 0.59296242644496  1  90  1

REVERSED_00014893	0	0	1	0.59296242644496	1	90	1	0.59296242644496
QQAMLLCLPLALDHDLLADK 1.38811367000028e-006)	0	0	1.38797029897027e-006	0	0	




#105 0.699890366965259  1  14  1

Q9H761	0.063385009765625	1	1	0.699890366965259	1	14	1	0.699890366965259
GVVNLGLVPR 0.563640854618336)	1	0	0.493953631285819	1	1	




#106 0.592956745685845  1  12  1

Q3KNT9	0	0	1	0.592956745685845	1	12	1	0.592956745685845
CFPGSQDLWEAK 7.51029672578611e-005)	0	0	7.5093188806729e-005	0	0	




#107 0.592968766511862  1  74  1

Q9UPM8	0	0	1	0.592968766511862	1	74	1	0.592968766511862
MSESQAALPSALK 2.76064145915672e-006)	0	0	2.76039161508025e-006	0	0	




#108 0.592951550569487  1  25  1

Q9UBP9	0	0	1	0.592951550569487	1	25	1	0.592951550569487
IQDLETENMELK 2.04692095153829e-005)	0	0	2.04666829545398e-005	0	0	




#109 0.834314268764321  2  157  2

Q9H0J4	0	0	1	0.592952755952382	1	88	2	0.834314268764321
QPGAYQPGLIAPGTK 0.000130468016399026)	0	0	0.0001304417396551	0	0	

REVERSED_00003350	0	0	1	0.592957000302656	1	70	2	0.834314268764321
SSSLASQTAYTGMETVLK 1.01370868720918e-005)	0	0	1.01359078520782e-005	0	0	




#110 0.59297846208761  1  50  1

P98073	0	0	1	0.59297846208761	1	50	1	0.59297846208761
DGEEADSLLLAVYTGPGPVK 6.89315389989892e-007)	0	0	6.89263525687208e-007	0	0	




#111 0.592975820801899  1  33  1

Q12980	0	0	1	0.592975820801899	1	33	1	0.592975820801899
HHLEEIMYNENTR 2.32600864443053e-005)	0	0	2.32580381883787e-005	0	0	




#112 0.834321614317403  2  78  2

REVERSED_00008319	0	0	1	0.59297134907091	1	32	2	0.834321614317403
VVAATSVHSGGVVAK 1.08760504135892e-005)	0	0	1.08750875869063e-005	0	0	

REVERSED_00011170	0	0	1	0.592956453300238	1	47	2	0.834321614317403
CTSSTSPAPSGHSR 5.77575629774308e-006)	0	0	5.77510018940924e-006	0	0	




#113 0.592972462466269  1  48  1

Q96M91	0	0	1	0.592972462466269	1	48	1	0.592972462466269
QDFVAEK 2.31824961377239e-006)	0	0	2.31804809548361e-006	0	0	




#114 0.592956709083161  1  59  1

Q92622	0	0	1	0.592956709083161	1	59	1	0.592956709083161
MRPEGAGMELGGGEER 9.27362455003973e-006)	0	0	9.27255880647354e-006	0	0	




#115 0.592971645198036  1  70  1

Q9NRJ4	0	0	1	0.592971645198036	1	70	1	0.592971645198036
YSNPGQVIFGSVEMGR 2.4677045889607e-006)	0	0	2.46748914880054e-006	0	0	




#116 0.592981646350794  1  33  1

REVERSED_00004603	0	0	1	0.592981646350794	1	33	1	0.592981646350794
EVDQLCQINGNAFVPIAVAK 6.13708722262991e-005)	0	0	6.13640987569998e-005	0	0	




#117 0.999349943472545  3  25  2

P51965	0.1619873046875	1	1	0.57797583060545	2	12	3	0.999349943472545
DNWSPALTISK 0.997943285846943)	1	1	0.997126715575626	1	1	
GDNIYEWR 0.90376633694144)	1	1	0.886613731874958	1	1	

Q969T4	0.149932861328125	1	1	0.542089035424457	2	12	3	0.999349943472545
DNWSPALTISK 0.997943285846943)	1	1	0.997126715575626	1	1	
GDNIYEWR 0.90376633694144)	1	1	0.886613731874958	1	1	

Q96LR5	0.149871826171875	0	1	0.534720118887796	2	12	3	0.999349943472545
DNWSPALTISK 0.997943285846943)	1	1	0.997126715575626	1	1	
GDNIYEWR 0.90376633694144)	1	1	0.886613731874958	1	1	




#118 1  1  10  5

P00709	0.48028564453125	1	1	1	5	10	1	1
CELSQLLK 0.989280131398896)	1	1	0.997460968902378	1	1	
FLDDDITDDIMCAK 1)	1	1	1	1	1	
GIDYWLAHK 0.990213773793126)	1	1	0.998910141540692	1	1	
LEQWLCEK 0.739574211393707)	1	1	0.834251964333197	1	1	
NICDISCDK 0.994173071579665)	1	1	0.999174343825328	1	1	




#119 0.592962930295202  1  70  1

P22102	0	0	1	0.592962930295202	1	70	1	0.592962930295202
LLEGDGGPNTGGMGAYCPAPQVSNDLLLK 4.63779593237349e-007)	0	0	4.63732497964146e-007	0	0	




#120 0.59297793261606  1  38  2

REVERSED_00011871	0	0	1	0.59297793261606	2	38	1	0.59297793261606
AHPDPVLVLINNDMVGSVK 1.79956671954066e-006)	0	0	1.79942901636228e-006	0	0	
SSTATFNALAK 4.6002680803351e-006)	0	0	4.59992171940365e-006	0	0	




#121 0.59514622615429  1  15  3

P62937	0.0101318359375	1	1	0.59514622615429	3	15	1	0.59514622615429
EGMNIVEAMER 0.037175988457627)	0	0	0.0370407495546402	0	0	
TEWLDGK 0.0138603639075101)	0	0	0.0138197082954598	0	0	
VSFELFADK 0.0842642521325482)	0	0	0.0812083920292743	0	0	




#122 0.697641390661108  1  82  1

REVERSED_00010971	0.00426673889160156	1	1	0.697641390661108	1	82	1	0.697641390661108
DYLGTIVAPSR 0.558473542942583)	1	0	0.476218480266572	1	1	




#123 0.592980457055086  1  144  1

O00555	0	0	1	0.592980457055086	1	144	1	0.592980457055086
NGWNVMDFVVVLTGILATVGTEFDLR 1.57965784616014e-007)	0	0	1.57954393134778e-007	0	0	




#124 0.59296849221378  1  63  1

Q96ST8	0	0	1	0.59296849221378	1	63	1	0.59296849221378
HIIHGLLPAASVAPK 3.36463230806085e-006)	0	0	3.36432093923945e-006	0	0	




#125 0.834320417637259  2  201  2

O60469	0	0	1	0.592966880651272	1	135	2	0.834320417637259
GAGVPQFQPIALNGR 1.02685990177877e-005)	0	0	1.02675703801216e-005	0	0	

P57678	0	0	1	0.592957981827533	1	67	2	0.834320417637259
LLAYVEGFQEDLNTTFNQLTQSASEQGLAK 2.21272498460608e-007)	0	0	2.21248165042543e-007	0	0	




#126 0.592961488179545  1  35  1

O75131	0	0	1	0.592961488179545	1	35	1	0.592961488179545
TFIIDYYFEVVQK 9.02421996164883e-006)	0	0	9.02328971552601e-006	0	0	




#127 0.592960972712437  1  60  1

Q96J02	0	0	1	0.592960972712437	1	60	1	0.592960972712437
LPVGGFADLMGSNGPQK 3.67125612359678e-006)	0	0	3.67087202960735e-006	0	0	




#128 0.592974892815851  1  67  1

REVERSED_00001114	0	0	1	0.592974892815851	1	67	1	0.592974892815851
VTDSLDPK 7.14845240675281e-006)	0	0	7.14784062145131e-006	0	0	




#129 0.592957107706467  1  107  1

Q86V15	0	0	1	0.592957107706467	1	107	1	0.592957107706467
MSQGNPGLGSLLNIK 7.68074875079035e-006)	0	0	7.67987048703991e-006	0	0	




#130 0.592966865075025  1  30  1

P30926	0	0	1	0.592966865075025	1	30	1	0.592966865075025
LPTFLFMK 6.83304846309731e-007)	0	0	6.83239794344529e-007	0	0	




#131 0.592967120963117  1  40  1

Q05084	0	0	1	0.592967120963117	1	40	1	0.592967120963117
AISDTWLTVNR 1.00429532786494e-005)	0	0	1.00420151942612e-005	0	0	




#132 0.592981502105341  1  64  1

Q9H2E6	0	0	1	0.592981502105341	1	64	1	0.592981502105341
LDIQMIMIMNGTLYIAAR 1.93931754974338e-006)	0	0	1.93917966958159e-006	0	0	




#133 0.592985456653327  1  11  1

REVERSED_00014565	0	0	1	0.592985456653327	1	11	1	0.592985456653327
ISSFNSLNILASPGFQNM 5.93515310564053e-006)	0	0	5.93478154653242e-006	0	0	




#134 0.99741570682781  1  12  2

P02753	0.0899658203125	1	1	0.99741570682781	2	12	1	0.99741570682781
DPNGLPPEAQK 0.924325377777075)	1	1	0.959391928907088	1	1	
YWGVASFLQK 0.979545340203288)	1	1	0.987284375097225	1	1	




#135 0.834323837640597  2  138  2

P59923	0	0	1	0.59295428154648	1	85	2	0.834323837640597
NHSFLLIHQR 7.16972051282754e-005)	0	0	7.16857803859116e-005	0	0	

REVERSED_00000807	0	0	1	0.592978982830594	1	54	2	0.834323837640597
GPALDEEAMEVWGLSR 4.67605899205872e-006)	0	0	4.67570832136532e-006	0	0	




#136 0.592978651785327  1  47  1

REVERSED_00015498	0	0	1	0.592978651785327	1	47	1	0.592978651785327
EQLQQSIGGVLAIAASLQPLR 7.72429558964334e-007)	0	0	7.72371701318421e-007	0	0	




#137 0.592977035383921  1  27  1

Q8NBT3	0	0	1	0.592977035383921	1	27	1	0.592977035383921
IVNGIQLGIHLYAHGVFLIMTRPSAANK 3.80680045859917e-007)	0	0	3.80650452866585e-007	0	0	




#138 0.618597453352008  1  10  1

P02766	0.03912353515625	0	1	0.618597453352008	1	10	1	0.618597453352008
TSESGELHGLTTEEEFVEGIYK 0.29838270971985)	0	0	0.264426815325817	1	1	




#139 0.834318566987854  2  112  2

REVERSED_00000200	0	0	1	0.592959861071202	1	81	2	0.834318566987854
NLSSLVQEMEVLR 2.06086187727565e-005)	0	0	2.06062005395929e-005	0	0	

REVERSED_00012148	0	0	1	0.592960454838268	1	32	2	0.834318566987854
VVSTTGVMK 3.62457295956718e-005)	0	0	3.62411016000474e-005	0	0	




#140 0.592977799154275  1  27  1

P51857	0	0	1	0.592977799154275	1	27	1	0.592977799154275
IPLSDGNSIPIIGLGTYSEPK 1.17281542620412e-006)	0	0	1.17272584489598e-006	0	0	




#141 0.63725767931759  1  58  1

P08133	0.004180908203125	0	1	0.63725767931759	1	58	1	0.63725767931759
SELDMLDIR 0.368388933867581)	0	0	0.317151585163622	0	0	




#142 0.592971114115912  1  70  1

REVERSED_00001609	0	0	1	0.592971114115912	1	70	1	0.592971114115912
VENLWIPGTGQGFEAEK 6.47237573009781e-006)	0	0	6.47179182013023e-006	0	0	




#143 1  1  9  3

P99999	0.287567138671875	1	1	1	3	9	1	1
ADLIAYLK 0.57513483903426)	1	1	0.717567047773825	1	1	
MIFVGIK 0.895350042172964)	1	1	0.944905190013827	1	1	
TGPNLHGLFGR 1)	1	1	1	1	1	




#144 0.59297799500686  1  207  1

REVERSED_00016246	0	0	1	0.59297799500686	1	207	1	0.59297799500686
ILISQNSLLVVLIR 7.56572615896279e-006)	0	0	7.5651147057865e-006	0	0	



#145 0.98882766241437  5  890  5

O14924	0	0	1	0.592957300935282	1	92	5	0.98882766241437
SLDDLESATVSDGELTGADLK 2.32993813542781e-006)	0	0	2.32967965033466e-006	0	0	

Q8WXH0	0	0	1	0.592968302417299	1	520	5	0.98882766241437
QLDTFEEEHGK 1.31950635885177e-006)	0	0	1.31938332996252e-006	0	0	

REVERSED_00003286	0	0	1	0.592970954288343	1	187	5	0.98882766241437
DVNPVSGPEGR 2.32558711486504e-007)	0	0	2.32538221445167e-007	0	0	

REVERSED_00007629	0	0	1	0.592985713750408	1	62	5	0.98882766241437
LTNTLGYLLR 5.16060353981631e-006)	0	0	5.16027120278347e-006	0	0	

REVERSED_00013639	0	0	1	0.592956527768381	1	33	5	0.98882766241437
GLISSLPR 3.09203531469894e-005)	0	0	3.09162400310344e-005	0	0	




#146 0.999602991733496  3  135  5

P06396	0.0555648803710938	1	1	0.997603764755993	3	49	3	0.999602991733496
EVQGFESATFLGYFK 0.971811753095517)	1	1	0.982058133360732	1	1	
HVVPNEVVVQR 0.779837457811162)	1	1	0.86954762407333	1	1	
TGAQELLR 0.861401378321912)	1	1	0.911823210788274	1	1	

Q7Z403	0	0	1	0.592967918330714	1	39	3	0.999602991733496
GAIISQYYNR 1.50545638332029e-005)	0	0	1.50531034401016e-005	0	0	

Q9Y6U3	0	0	1	0.592955906505813	1	49	3	0.999602991733496
IQEGEEPEEFWNSLGGK 4.36057788659404e-005)	0	0	4.35998099811616e-005	0	0	




#147 0.834324567733851  2  197  2

P11388	0	0	1	0.592978751094542	1	116	2	0.834324567733851
SVVSDLEADDVK 9.74475387648974e-007)	0	0	9.74402226798454e-007	0	0	

Q9NUA8	0	0	1	0.592956307043735	1	82	2	0.834324567733851
IISLADSLQMFDVAVSCK 1.36460843659746e-005)	0	0	1.36444449546302e-005	0	0	




#148 0.592971889282526  1  33  1

REVERSED_00004857	0	0	1	0.592971889282526	1	33	1	0.592971889282526
LTQPEIDLIAIK 2.53655192745593e-005)	0	0	2.5363090894489e-005	0	0	




#149 0.59298468144744  1  111  1

REVERSED_00001783	0	0	1	0.592984681447439	1	111	1	0.59298468144744
LGAQLSLANR 3.95341535069788e-006)	0	0	3.95315146074129e-006	0	0	




#150 0.59825888442868  1  41  1

Q9NSG2	0.002471923828125	1	1	0.59825888442868	1	41	1	0.59825888442868
FPPSLYATR 0.127572542717266)	0	0	0.118684030223926	0	0	




#151 0.592954756449722  1  47  1

Q96ME1	0	0	1	0.592954756449722	1	47	1	0.592954756449722
SGTLQPDAVLAFMAR 3.39762078623413e-005)	0	0	3.3971703498054e-005	0	0	




#152 0.932568229762882  3  183  3

REVERSED_00005218	0	0	1	0.59296949264598	1	68	3	0.932568229762882
APLSGGFASSETNK 1.18345232635625e-006)	0	0	1.18334584220703e-006	0	0	

REVERSED_00012332	0	0	1	0.592977087397437	1	79	3	0.932568229762882
EVLHDNNHCGALLQWVEGR 1.62622147547419e-006)	0	0	1.62609425833246e-006	0	0	

REVERSED_00014152	0	0	1	0.592977195791023	1	38	3	0.932568229762882
IEDLATETYHQASK 8.66452145030089e-006)	0	0	8.6638518894665e-006	0	0	




#153 0.994782879678745  1  8  1

P61769	0.175323486328125	1	1	0.994782879678745	1	8	1	0.994782879678745
VNHVTLSQPK 0.994849538304166)	1	1	0.99249473568389	1	1	




#154 0.592958035565804  1  125  1

REVERSED_00009651	0	0	1	0.592958035565804	1	125	1	0.592958035565804
LLMAMLPDSDLSSPTSDK 1.07792988484667e-006)	0	0	1.0778115935458e-006	0	0	




#155 0.592975321442757  1  107  1

REVERSED_00004665	0	0	1	0.592975321442757	1	107	1	0.592975321442757
LQNLVFIR 3.20955439127555e-006)	0	0	3.20929172219403e-006	0	0	




#156 0.592968277321508  1  52  1

REVERSED_00013493	0	0	1	0.592968277321508	1	52	1	0.592968277321508
EDIFGMEIFK 4.3280051729677e-006)	0	0	4.32761006769393e-006	0	0	




#157 0.592972381901261  1  66  1

Q9NRP7	0	0	1	0.592972381901261	1	66	1	0.592972381901261
YHVLEMIGEGSFGR 3.53214665008501e-006)	0	0	3.53184389774319e-006	0	0	




#158 0.988910868938906  1  53  4

P10636	0.0629806518554688	1	1	0.988910868938906	4	53	1	0.988910868938906
LDLSNVQSK 0.749187199228035)	1	1	0.827003017581645	1	1	
LQTAPVPMPDLK 0.961650165719325)	1	1	0.966822142749673	1	1	
SGYSSPGSPGTPGSR 0.554410715862919)	1	1	0.67899105520233	1	1	
TPSLPTPPTR 0.164886099415763)	0	0	0.2478187404606	0	0	




#159 0.592972842372369  1  44  1

Q8TE67	0	0	1	0.592972842372369	1	44	1	0.592972842372369
EYSQNLTSEPTLLQHR 3.26835078373225e-005)	0	0	3.268016413815e-005	0	0	




#160 0.592957261734478  1  49  1

Q9NVU7	0	0	1	0.592957261734478	1	49	1	0.592957261734478
VLTQEDFQK 1.91961231837743e-005)	0	0	1.91937528188682e-005	0	0	




#161 0.592983073558639  1  46  1

P11362	0	0	1	0.592983073558639	1	46	1	0.592983073558639
QVTVSADSSASMNSGVLLVRPSR 3.67332282951722e-006)	0	0	3.67306678326789e-006	0	0	




#162 1  1  17  9

P00918	0.501190185546875	1	1	1	9	17	1	1
AVQQPDGLAVLGIFLK 1)	1	1	1	1	1	
EPISVSSEQVLK 0.9817224394854)	1	1	0.997983489431775	1	1	
GGPLDGTYR 0.995768025992671)	1	1	0.999347310629927	1	1	
ILNNGHAFNVEFDDSQDK 0.993027959024422)	1	1	0.997678071660797	1	1	
QSPVDIDTHTAK 0.987203970581866)	1	1	0.998023027818897	1	1	
SADFTNFDPR 0.998405130662202)	1	1	0.999662052997141	1	1	
VVDVLDSIK 0.997589713797974)	1	1	0.999156391397113	1	1	
YAAELHLVHWNTK 0.99894124334603)	1	1	0.999715036817939	1	1	
YDPSLKPLSVSYDQATSLR 1)	1	1	1	1	1	




#163 1  3  44  9

P32119	0.0397491455078125	0	0	0.384957108018732	1	15	3	1
QITVNDLPVGR 0.997765377594977)	1	1	0.999943736666391	1	1	

Q06830	0.78570556640625	1	1	1	9	16	3	1
ADEGISFR 0.955514865175905)	1	1	0.995959263737752	1	1	
ATAVMPDGQFK 0.997601591927375)	1	1	0.999824537333352	1	1	
DISLSDYK 0.98828330442304)	1	1	0.996537976154265	1	1	
GLFIIDDK 1)	1	1	1	1	1	
IGHPAPNFK 0.986863707275821)	1	1	0.994013944651706	1	0.99	
LVQAFQFTDK 0.998168448969278)	1	1	0.999939475299109	1	1	
QGGLGPMNIPLVSDPK 0.996642608351186)	1	1	0.999834114445072	1	1	
QITVNDLPVGR 0.997765377594977)	1	1	0.999943736666391	1	1	
TIAQDYGVLK 0.990534709571178)	1	1	0.999703787648225	1	1	

Q13162	0.0272216796875	0	0	0.364186305047816	1	17	3	1
GLFIIDDK 1)	1	1	1	1	1	




#164 0.592966330654969  1  91  1

REVERSED_00008883	0	0	1	0.592966330654969	1	91	1	0.592966330654969
TLGAPPVAEAPCR 1.20585293735842e-006)	0	0	1.20573783967107e-006	0	0	




#165 1  4  44  8

P08263	1.5916748046875	1	1	0.971060510929468	8	18	4	1
AILNYIASK 0.99961698252376)	1	1	0.999998129694856	1	1	
FLQPGSPR 0.307734166442115)	0	0	0.327666012516494	0	0.275	
ISNLPTVK 0.968910618443116)	1	1	0.968716845693209	1	0.96	
LHYFNAR 0.929774712503576)	1	1	0.934489578610204	1	0.885	
NDGYLMFQQVPMVEIDGMK 1)	1	1	1	1	1	
SHGQDYLVGNK 0.997590559917912)	1	1	0.999995638991142	1	1	
WLLAAAGVEFEEK 0.998709719428799)	1	1	0.999976845488469	1	1	
YNLYGK 0.992212991133875)	1	1	0.992334210125445	1	0.995	

P09210	1.0069580078125	0	0	0.244192123421891	7	18	4	1
AILNYIASK 0.99961698252376)	1	1	0.999998129694856	1	1	
FLQPGSPR 0.307734166442115)	0	0	0.327666012516494	0	0.275	
ISNLPTVK 0.968910618443116)	1	1	0.968716845693209	1	0.96	
NDGYLMFQQVPMVEIDGMK 1)	1	1	1	1	1	
SHGQDYLVGNK 0.997590559917912)	1	1	0.999995638991142	1	1	
WLLAAAGVEFEEK 0.998709719428799)	1	1	0.999976845488469	1	1	
YNLYGK 0.992212991133875)	1	1	0.992334210125445	1	0.995	

Q16772	0.2694091796875	0	0	0.055896879613437	5	18	4	1
AILNYIASK 0.99961698252376)	1	1	0.999998129694856	1	1	
FLQPGSPR 0.307734166442115)	0	0	0.327666012516494	0	0.275	
ISNLPTVK 0.968910618443116)	1	1	0.968716845693209	1	0.96	
WLLAAAGVEFEEK 0.998709719428799)	1	1	0.999976845488469	1	1	
YNLYGK 0.992212991133875)	1	1	0.992334210125445	1	0.995	

Q7RTV2	0.193695068359375	0	0	0.123674957648772	3	18	4	1
AILNYIASK 0.99961698252376)	1	1	0.999998129694856	1	1	
ISNLPTVK 0.968910618443116)	1	1	0.968716845693209	1	0.96	
YNLYGK 0.992212991133875)	1	1	0.992334210125445	1	0.995	




#166 0.592971905982498  1  16  1

REVERSED_00003686	0	0	1	0.592971905982498	1	16	1	0.592971905982498
GLVEQLGAGVVLIEGDQAEVRPR 1.95350409354716e-005)	0	0	1.95331617867367e-005	0	0	




#167 0.592964403541727  1  20  1

Q9NZL4	0	0	1	0.592964403541727	1	20	1	0.592964403541727
LLQTCFSSPADDSMDR 3.76581222194238e-005)	0	0	3.76535348853254e-005	0	0	




#168 1  2  15  2

P01343	0.158660888671875	1	1	0.656896464718807	2	10	2	1
APQTGIVDECCFR 0.977681467083081)	1	1	0.980860536365774	1	1	
GFYFNKPTGYGSSSR 1)	1	1	1	1	1	

P05019	0.1541748046875	0	1	0.652540553670666	2	13	2	1
APQTGIVDECCFR 0.977681467083081)	1	1	0.980860536365774	1	1	
GFYFNKPTGYGSSSR 1)	1	1	1	1	1	




#169 0.592962659874619  1  28  1

Q2T9K0	0	0	1	0.592962659874619	1	28	1	0.592962659874619
YMELTIEPVQQAGCSATR 1.82305831636743e-005)	0	0	1.82285404979338e-005	0	0	




#170 0.592983012166497  1  61  1

REVERSED_00000415	0	0	1	0.592983012166497	1	61	1	0.592983012166497
NCVVMLGVFLAAACALLAVYAPQPR 2.49835362312968e-007)	0	0	2.49818408849312e-007	0	0	




#171 0.592982549643932  1  27  1

Q9UG22	0	0	1	0.592982549643932	1	27	1	0.592982549643932
SAAGNSILR 2.54662329779789e-006)	0	0	2.54645175405026e-006	0	0	




#172 0.972549205561121  4  43  1

A6NDS4	0	0	1	0.592957880393104	1	34	4	0.972549205561121
LPTDLDVEGPWFR 9.5217693785369e-005)	0	0	9.52072602427857e-005	0	0	

Q6DHY5	0	0	1	0.592959701105007	1	35	4	0.972549205561121
LPTDLDVEGPWFR 9.5217693785369e-005)	0	0	9.52072602427857e-005	0	0	

Q6IPX1	0	0	1	0.592958413299022	1	34	4	0.972549205561121
LPTDLDVEGPWFR 9.5217693785369e-005)	0	0	9.52072602427857e-005	0	0	

Q8IZP1	0	0	1	0.592957857659184	1	34	4	0.972549205561121
LPTDLDVEGPWFR 9.5217693785369e-005)	0	0	9.52072602427857e-005	0	0	




#173 0.592971163286222  1  6  1

REVERSED_00002038	0	0	1	0.592971163286222	1	6	1	0.592971163286222
SMAFPSTSCTDQEPDHGPQR 5.38417595622526e-005)	0	0	5.38363689629985e-005	0	0	




#174 0.592979374969726  1  61  1

REVERSED_00009581	0	0	1	0.592979374969726	1	61	1	0.592979374969726
FSPDFMGVNPLASLLPQMDR 8.30496950676908e-006)	0	0	8.30431876890444e-006	0	0	




#175 0.592961433524711  1  8  1

P63272	0	0	1	0.592961433524711	1	8	1	0.592961433524711
VSNFKPGVYAVSVTGR 4.01245367004266e-005)	0	0	4.01209866464663e-005	0	0	




#176 0.592983460553855  1  36  1

Q68DH5	0	0	1	0.592983460553855	1	36	1	0.592983460553855
ADAEENLEDAMEEVR 2.7467072653223e-005)	0	0	2.74651164366975e-005	0	0	




#177 1  1  12  5

P61626	0.513214111328125	1	1	1	5	12	1	1
GISLANWMCLAK 1)	1	1	1	1	1	
LGMDGYR 0.956467014268338)	1	1	0.976001015124244	1	1	
QYVQGCGV 0.962335583856137)	1	1	0.98396890537899	1	1	
STDYGIFQINSR 1)	1	1	1	1	1	
TPGAVNACHLSCSALLQDNIADAVACAK 0.642028407896201)	1	1	0.775263698110182	1	1	




#178 0.592971913149398  1  15  1

Q8TAD2	0	0	1	0.592971913149398	1	15	1	0.592971913149398
LAAGVLSAFHHTLQLGPR 6.3816566674582e-006)	0	0	6.38110735731343e-006	0	0	




#179 0.59297613909371  1  113  1

REVERSED_00015979	0	0	1	0.59297613909371	1	113	1	0.59297613909371
ISPGQEEPPVEGK 1.03667889982056e-006)	0	0	1.03659683174252e-006	0	0	




#180 1  1  16  3

P16083	0.142303466796875	1	1	1	3	16	1	1
NVAVDELSR 0.48808055469333)	1	1	0.660404454195674	0	0	
SLASDITDEQK 0.965273528784857)	1	1	0.982160707359159	1	1	
VLAPQISFAPEIASEEER 1)	1	1	1	1	1	




#181 0.59297348583407  1  85  1

REVERSED_00008822	0	0	1	0.59297348583407	1	85	1	0.59297348583407
TTEGNIELIEDGIR 3.30039961048811e-006)	0	0	3.30012799877751e-006	0	0	




#182 0.592977165544273  1  66  1

Q14114	0	0	1	0.592977165544273	1	66	1	0.592977165544273
LQHLAAAAADPLLGGQGPAK 4.93668428137313e-006)	0	0	4.93628848377683e-006	0	0	




#183 0.985534758691525  1  8  1

P62988	0.132354736328125	1	1	0.985534758691525	1	8	1	0.985534758691525
TITLEVEPSDTIENVK 0.985796705783744)	1	1	0.978967880265696	1	1	




#184 1  1  12  4

P02144	0.35809326171875	1	1	1	4	12	1	1
GHHEAEIKPLAQSHATK 0.995219164660801)	1	1	0.998803365304946	1	1	
HGATVLTALGGILK 1)	1	1	1	1	1	
HPGDFGADAQGAMNK 1)	1	1	1	1	1	
VEADIPGHGQEVLIR 1)	1	1	1	1	1	




#185 0.592955156839615  1  77  1

P51610	0	0	1	0.592955156839615	1	77	1	0.592955156839615
IPPSSRPTVLSVPAGTTIVK 2.62613643804854e-006)	0	0	2.62583472148407e-006	0	0	




#186 0.592971624794834  1  46  1

REVERSED_00015134	0	0	1	0.592971624794835	1	46	1	0.592971624794834
SPGNQEIEK 1.222143361981e-006)	0	0	1.2220366688683e-006	0	0	




#187 0.592981377340347  1  16  1

REVERSED_00006327	0	0	1	0.592981377340347	1	16	1	0.592981377340347
HWEVIHPDWQGDSQSQFSNAVSICSR 1.92775142345215e-006)	0	0	1.92761430372201e-006	0	0	




#188 0.592957460460403  1  44  1

REVERSED_00009114	0	0	1	0.592957460460403	1	44	1	0.592957460460403
DPLLNVIPELK 1.33874912281949e-005)	0	0	1.33859990280778e-005	0	0	




#189 0.592974527968944  1  36  1

REVERSED_00005267	0	0	1	0.592974527968944	1	36	1	0.592974527968944
AMVNVDR 1.84296856340944e-006)	0	0	1.84281577379918e-006	0	0	




#190 0.592982536085613  1  36  1

P23368	0	0	1	0.592982536085612	1	36	1	0.592982536085613
ALTSQLTDEELAQGR 5.25633147689556e-006)	0	0	5.25597072625994e-006	0	0	




#191 0.592965037015722  1  22  1

REVERSED_00007935	0	0	1	0.592965037015722	1	22	1	0.592965037015722
GEDINYMEVVK 0.000102788615908015)	0	0	0.000102772912616855	0	0	




#192 0.592969185599359  1  32  1

P42575	0	0	1	0.592969185599359	1	32	1	0.592969185599359
GLALVLSNVHFTGEK 1.96870310329522e-005)	0	0	1.96850155580012e-005	0	0	




#193 0.59298178088697  1  174  1

REVERSED_00005672	0	0	1	0.59298178088697	1	174	1	0.59298178088697
DILPNIGDTVDFK 9.21888104135645e-007)	0	0	9.21823988275207e-007	0	0	




#194 0.592973063839921  1  14  1

O00762	0	0	1	0.592973063839921	1	14	1	0.592973063839921
GISAFPESDNLFK 7.36648500735817e-005)	0	0	7.36571755607363e-005	0	0	




#195 0.592963724227573  1  58  1

P15144	0	0	1	0.592963724227573	1	58	1	0.592963724227573
YLSYTLNPDLIR 9.6449292893628e-006)	0	0	9.64393235189772e-006	0	0	




#196 0.592966201876916  1  34  1

REVERSED_00004401	0	0	1	0.592966201876916	1	34	1	0.592966201876916
LSDPILSELSENAQQR 2.50675983363047e-005)	0	0	2.50649883256304e-005	0	0	




#197 0.592978061394442  1  53  1

Q96QV1	0	0	1	0.592978061394442	1	53	1	0.592978061394442
QPVGALHSGDGSQR 3.42191306871946e-006)	0	0	3.42165757467248e-006	0	0	




#198 1  1  14  6

P09211	0.3043212890625	1	1	1	6	14	1	1
ALPGQLKPFETLLSQNQGGK 1)	1	1	1	1	1	
ASCLYGQLPK 0.979287646541876)	1	1	0.994729013552347	1	1	
DQQEAALVDMVNDGVEDLR 0.994296738269768)	1	1	0.997918125215766	1	1	
FQDGDLTLYQSNTILR 1)	1	1	1	1	1	
MLLADQGQSWK 0.995390585100544)	1	1	0.99866174959693	1	1	
MPPYTVVYFPVR 1)	1	1	1	1	1	




#199 0.592967685717354  1  26  1

Q6Q788	0	0	1	0.592967685717354	1	26	1	0.592967685717354
QDTYLQIAAFTR 2.05086756474826e-005)	0	0	2.05067261983573e-005	0	0	




#200 0.592971140811261  1  119  1

Q9Y6D6	0	0	1	0.592971140811261	1	119	1	0.592971140811261
SVDNRPQAPLVSASAVNEEVSK 6.42212709074498e-007)	0	0	6.42156389483054e-007	0	0	




#201 0.592970052516529  1  34  1

REVERSED_00002764	0	0	1	0.592970052516529	1	34	1	0.592970052516529
NTCNILSK 8.58188445252508e-007)	0	0	8.58111658941699e-007	0	0	




#202 1  2  106  55

P02787	0.405654907226563	1	1	1	27	54	2	1
ASYLDCIR 0.981249403579688)	1	1	0.995356042490883	1	1	
CDEWSVNSVGK 0.997849533991466)	1	1	0.999659257513054	1	1	
CSTSSLLEACTFR 1)	1	1	1	1	1	
DCHLAQVPSHTVVAR 0.998924295386208)	1	1	0.999757611217274	1	1	
DGAGDVAFVK 1)	1	1	1	1	1	
DQYELLCLDNTR 0.997424375879606)	1	1	0.999547040143173	1	0.995	
DSGFQMNQLR 0.995194058389529)	1	1	0.998476959171982	1	1	
DYELLCLDGTR 0.997176458414103)	1	1	0.99940075898797	1	1	
EDPQTFYYAVAVVK 1)	1	1	1	1	1	
EFQLFSSPHGK 0.998160566315656)	1	1	0.999501716690941	1	1	
EGTCPEAPTDECKPVK 0.504106683486321)	1	1	0.853521314345379	1	0.86	
EGYYGYTGAFR 1)	1	1	1	1	1	
FDEFFSEGCAPGSK 0.997900280432941)	1	1	0.99938020735893	1	1	
HSTIFENLANK 1)	1	1	1	1	1	
IECVSAETTEDCIAK 0.994266204756955)	1	1	0.999003247490532	1	0.995	
IMNGEADAMSLDGGFVYIAGK 1)	1	1	1	1	1	
KPVEEYANCHLAR 1)	1	1	1	1	1	
LCMGSGLNLCEPNNK 0.940879359011278)	1	1	0.982384358367574	1	0.975	
MYLGYEYVTAIR 1)	1	1	1	1	1	
NPDPWAK 0.0536362286009313)	0	0	0.0885456328703824	0	0.055	
SAGWNIPIGLLYCDLPEPR 0.985771569723062)	1	1	0.992318684657941	1	1	
SASDLTWDNLK 0.997151601341822)	1	1	0.999464455727218	1	1	
SDNCEDTPEAGYFAVAVVK 1)	1	1	1	1	1	
SVIPSDGPSVACVK 0.996899851978225)	1	1	0.999489620367082	1	0.995	
TAGWNIPMGLLYNK 0.998084421637118)	1	1	0.999568723069497	1	1	
WCAVSEHEATK 0.986056185464248)	1	1	0.997092517453936	1	0.995	
YLGEEYVK 0.9878839417084)	1	1	0.995694728715768	1	0.985	

P02788	0.400894165039063	1	1	1	28	53	2	1
ADAVTLDGGFIYEAGLAPYK 1)	1	1	1	1	1	
CAFSSQEPYFSYSGAFK 0.998282480662283)	1	1	0.999647577347752	1	1	
CFQWQR 0.672463067807908)	1	1	0.780128896741617	1	0.765	
CGLVPVLAENYK 1)	1	1	1	1	1	
CLAENAGDVAFVK 0.998486436883465)	1	1	0.999725253683605	1	1	
CSTSPLLEACEFLR 1)	1	1	1	1	1	
DGAGDVAFIR 0.997569556426474)	1	1	0.999587662919574	1	1	
DSAIGFSR 0.992581148705852)	1	1	0.996464623954757	1	1	
DSPIQCIQAIAENR 1)	1	1	1	1	1	
DVTVLQNTDGNNNEAWAK 1)	1	1	1	1	1	
EDAIWNLLR 0.986235767367884)	1	1	0.995957520533288	1	0.995	
ESTVFEDLSDEAER 0.994983341842025)	1	1	0.999032952355887	1	1	
FQLFGSPSGQK 0.987165875342201)	1	1	0.996778279341635	1	0.995	
GEADAMSLDGGYVYTAGK 0.997362884273239)	1	1	0.999241932247225	1	1	
GGSFQLNELQGLK 0.997667937893612)	1	1	0.999657141410615	1	1	
GPPVSCIK 0.967022155410607)	1	1	0.985844719239057	1	0.985	
IDSGLYLGSGYFTAIQNLR 1)	1	1	1	1	1	
LADFALLCLDGK 1)	1	1	1	1	1	
LRPVAAEVYGTER 1)	1	1	1	1	1	
NLLFNDNTECLAR 0.998235498703314)	1	1	0.999710597081808	1	1	
SCHLAMAPNHAVVSR 1)	1	1	1	1	1	
SDTSLTWNSVK 0.998230699326512)	1	1	0.999666679083262	1	1	
SQQSSDPDPNCVDRPVEGYLAVAVVR 1)	1	1	1	1	1	
SVQWCAVSQPEATK 0.991994944361869)	1	1	0.998111506802395	1	0.995	
THYYAVAVVK 0.997537812988777)	1	1	0.999521792596076	1	1	
VVWCAVGEQELR 0.996742847781367)	1	1	0.99908139349552	1	1	
YLGPQYVAGITNLK 1)	1	1	1	1	1	
YYGYTGAFR 0.996481150232054)	1	1	0.999310139823348	1	1	




#203 0.630524927020969  1  108  1

P01031	0.00225830078125	0	1	0.630524927020969	1	108	1	0.630524927020969
AFTECCVVASQLR 0.338774975478613)	0	0	0.292809228315665	0	0	




#204 0.999999794111344  3  26  4

P01111	0.095672607421875	0	0	0.336149923594161	2	14	3	0.999999794111344
LVVVGAGGVGK 0.996861279512712)	1	1	0.997721409414206	1	1	
QGVEDAFYTLVR 0.995945811707985)	1	1	0.99742351210037	1	1	

P01112	0.169891357421875	1	1	0.998739783416196	4	14	3	0.999999794111344
LVVVGAGGVGK 0.996861279512712)	1	1	0.997721409414206	1	1	
QGVEDAFYTLVR 0.995945811707985)	1	1	0.99742351210037	1	1	
SYGIPYIETSAK 0.996532678286256)	1	1	0.997385673721126	1	1	
TGEGFLCVFAINNTK 0.237885480915349)	0	0	0.324447935857437	0	0	

P01116	0.0540313720703125	0	0	0.408439648171989	2	14	3	0.999999794111344
LVVVGAGGVGK 0.996861279512712)	1	1	0.997721409414206	1	1	
TGEGFLCVFAINNTK 0.237885480915349)	0	0	0.324447935857437	0	0	




#205 0.592960410608123  1  54  1

P25098	0	0	1	0.592960410608123	1	54	1	0.592960410608123
QVPPDLFQPYIEEICQNLR 5.7148337813067e-005)	0	0	5.71402438889844e-005	0	0	




#206 0.59297846157219  1  52  1

REVERSED_00006761	0	0	1	0.59297846157219	1	52	1	0.59297846157219
VGSMTGVGIVLCEVLADLTFTPGLIAMGR 2.77205717968527e-007)	0	0	2.77184759371486e-007	0	0	




#207 0.592978991105682  1  61  1

Q08AF3	0	0	1	0.592978991105682	1	61	1	0.592978991105682
NVFHCEPANILYICENQPLK 5.2892038536535e-007)	0	0	5.28881052696075e-007	0	0	




#208 0.592954027725415  1  20  1

O43681	0	0	1	0.592954027725415	1	20	1	0.592954027725415
TTCSCSLAVQLSK 0.000129303406394779)	0	0	0.000129280709706493	0	0	




#209 0.592950884837588  1  42  1

Q16819	0	0	1	0.592950884837588	1	42	1	0.592950884837588
QQCLQFFYK 1.90120570248973e-005)	0	0	1.90096379630368e-005	0	0	




#210 0.592952545131713  1  16  1

REVERSED_00015188	0	0	1	0.592952545131713	1	16	1	0.592952545131713
STSASPIMPITEMLR 1.69986081941617e-005)	0	0	1.6996693247759e-005	0	0	




#211 0.592979030070133  1  102  1

Q05707	0	0	1	0.592979030070133	1	102	1	0.592979030070133
ADLVFMVDGSWSIGDENFNK 5.13058793511845e-007)	0	0	5.13020550564078e-007	0	0	




#212 0.59297737725998  1  18  1

P0C263	0	0	1	0.59297737725998	1	18	1	0.59297737725998
EGEAEAVGAVEEEAGQ 2.30841173020428e-005)	0	0	2.30821883779959e-005	0	0	




#213 0.59296719432048  1  19  1

Q6DKI1	0	0	1	0.59296719432048	1	19	1	0.59296719432048
IPLVPENLLK 1.63617248966576e-005)	0	0	1.636005857665e-005	0	0	




#214 0.593290745145523  1  38  1

REVERSED_00007211	0.0008544921875	1	1	0.593290745145523	1	38	1	0.593290745145523
LSQPLFTFDTVPTFEILIIK 0.0257403130365878)	0	0	0.0253145883959071	0	0	




#215 0.592954851325323  1  47  1

Q96II8	0	0	1	0.592954851325323	1	47	1	0.592954851325323
GHASPLPPSAAPTTDSTDSITGQNSR 2.5057545724839e-005)	0	0	2.50542999246882e-005	0	0	




#216 0.592967361807119  1  41  1

P49591	0	0	1	0.592967361807119	1	41	1	0.592967361807119
LDLEAWFPGSGAFR 1.59738110331411e-005)	0	0	1.59722411558865e-005	0	0	




#217 0.641049415706667  1  105  1

P08572	0.00449752807617188	0	1	0.641049415706667	1	105	1	0.641049415706667
GDPGPPGPPPVILPGMK 0.382707444776535)	0	0	0.328560317813634	0	0	




#218 0.592965176450164  1  38  1

Q9Y2W2	0	0	1	0.592965176450164	1	38	1	0.592965176450164
DEDMLYSPELAQR 3.94596683656903e-005)	0	0	3.94550035816609e-005	0	0	




#219 0.592983027679304  1  100  1

REVERSED_00007525	0	0	1	0.592983027679304	1	100	1	0.592983027679304
EGALSTQK 4.22937448817568e-008)	0	0	4.22908768820761e-008	0	0	




#220 1  1  17  7

P08311	0.360687255859375	1	1	1	7	17	1	1
CGGFLVR 0.608960916884451)	1	1	0.746788654360309	0	0	
GDSGGPLLCNNVAHGIVSYGK 0.129666164382469)	0	0	0.216260700430237	0	0	
IFGSYDPR 0.989804627009932)	1	1	0.995380222165155	1	1	
NVNPVALPR 0.986962942872223)	1	1	0.993916392374353	1	1	
SSGVPPEVFTR 0.985654415827447)	1	1	0.996708738699651	1	1	
TIQNDIMLLQLSR 1)	1	1	1	1	1	
VSSFLPWIR 0.995620848141997)	1	1	0.999074124643807	1	1	




#221 0.592960673230171  1  61  1

P20648	0	0	1	0.592960673230171	1	61	1	0.592960673230171
AENYELYSVELGPGPGGDMAAK 1.78733090847702e-006)	0	0	1.78714146292861e-006	0	0	




#222 0.592963045466848  1  54  1

Q9NYF5	0	0	1	0.592963045466848	1	54	1	0.592963045466848
SNDMPEVVQLR 2.14783150031571e-005)	0	0	2.14758780390006e-005	0	0	




#223 0.999996284756314  1  12  4

P55957	0.159576416015625	1	1	0.999996284756314	4	12	1	0.999996284756314
DVFHTTVNFINQNLR 0.330884872474005)	0	0	0.487131706286917	0	0	
HLAQVGDSMDR 0.908368037979457)	1	1	0.955925199957082	1	1	
IEADSESQEDIIR 0.995838281305904)	1	1	0.998264531895835	1	1	
TMLVLALLLAK 0.996417300426445)	1	1	0.998488165276096	1	1	




#224 0.592978478568674  1  21  1

REVERSED_00014327	0	0	1	0.592978478568674	1	21	1	0.592978478568674
DEEDSSDDGQR 8.51701823721869e-006)	0	0	8.51634152919158e-006	0	0	




#225 0.932569328656753  3  70  1

P78329	0	0	1	0.592978508791661	1	32	3	0.932569328656753
MLTPAFHFNILKPYMK 0.000101571815505765)	0	0	0.000101561854307984	0	0	

Q08477	0	0	1	0.592978573941224	1	31	3	0.932569328656753
MLTPAFHFNILKPYMK 0.000101571815505765)	0	0	0.000101561854307984	0	0	

Q9HBI6	0	0	1	0.592973325008718	1	33	3	0.932569328656753
MLTPAFHFNILKPYMK 0.000101571815505765)	0	0	0.000101561854307984	0	0	




#226 0.592966633286149  1  25  1

REVERSED_00004809	0	0	1	0.592966633286149	1	25	1	0.592966633286149
GRPLAPPAPVPPR 4.44364291165747e-006)	0	0	4.44321490843309e-006	0	0	




#227 0.592975449618643  1  32  1

O75478	0	0	1	0.592975449618643	1	32	1	0.592975449618643
QADIDSGLSPSIPMASNSGR 1.41594265323358e-005)	0	0	1.41581924196449e-005	0	0	




#228 0.592978619878114  1  53  1

REVERSED_00003516	0	0	1	0.592978619878114	1	53	1	0.592978619878114
DIGAGTMALR 5.33090383753268e-006)	0	0	5.33050178016125e-006	0	0	




#229 0.592970755839992  1  127  1

Q9P2N4	0	0	1	0.592970755839992	1	127	1	0.592970755839992
MVSYHGENLQHYILTLMSIVASIYK 1.55225937919932e-007)	0	0	1.55212203678567e-007	0	0	




#230 0.59298485498828  1  62  1

P34932	0	0	1	0.59298485498828	1	62	1	0.59298485498828
SVMDATQIAGLNCLR 0.00014627735897065)	0	0	0.000146254103117566	0	0	




#231 0.592973869366359  1  28  1

P02649	0	0	1	0.592973869366359	1	28	1	0.592973869366359
GEVQAMLGQSTEELR 3.33152163729718e-005)	0	0	3.331210583041e-005	0	0	




#232 0.592971514788148  1  64  1

REVERSED_00011016	0	0	1	0.592971514788148	1	64	1	0.592971514788148
LFFQTLK 1.67536916480049e-006)	0	0	1.67522204004083e-006	0	0	




#233 0.59297258725666  1  105  1

REVERSED_00002049	0	0	1	0.59297258725666	1	105	1	0.59297258725666
ANALTESLWNFLR 1.64402288856014e-006)	0	0	1.64388336870112e-006	0	0	




#234 1  1  16  8

P00915	0.476287841796875	1	1	1	8	16	1	1
ADGLAVIGVLMK 1)	1	1	1	1	1	
ESISVSSEQLAQFR 0.980182836805064)	1	1	0.997367194407063	1	1	
GGPFSDSYR 0.993152638712785)	1	1	0.998140173351818	1	1	
HDTSLKPISVSYNPATAK 1)	1	1	1	1	1	
LYPIANGNNQSPVDIK 0.998263112628936)	1	1	0.999560944258294	1	1	
SLLSNVEGDNAVPMQHNNRPTQPLK 1)	1	1	1	1	1	
VLDALQAIK 0.998208179749992)	1	1	0.999544952879792	1	1	
YSSLAEAASK 0.988517138839646)	1	1	0.995879102119901	1	1	




#235 0.592958783994783  1  21  1

REVERSED_00016839	0	0	1	0.592958783994783	1	21	1	0.592958783994783
VAQSDGPAPGEAGPATGALPIMGSDEK 1.21781611052411e-005)	0	0	1.21767867746166e-005	0	0	




#236 1  5  39  7

P02042	0.0888824462890625	0	0	0.138735238790342	3	11	5	1
LLVVYPWTQR 0.995620786120258)	1	1	0.998677460566337	1	1	
VLGAFSDGLAHLDNLK 1)	1	1	1	1	1	
VVAGVANALAHK 0.957161988832531)	1	1	0.977938249309493	1	1	

P02100	0.0274276733398438	0	0	0.387560911557275	1	12	5	1
LLVVYPWTQR 0.995620786120258)	1	1	0.998677460566337	1	1	

P68871	0.380340576171875	1	1	1	7	11	5	1
EFTPPVQAAYQK 0.995730619197583)	1	1	0.999166079549935	1	1	
FFESFGDLSTPDAVMGNPK 1)	1	1	1	1	1	
LLVVYPWTQR 0.995620786120258)	1	1	0.998677460566337	1	1	
SAVTALWGK 0.995702504143961)	1	1	0.998381191697403	1	1	
VLGAFSDGLAHLDNLK 1)	1	1	1	1	1	
VNVDEVGGEALGR 1)	1	1	1	1	1	
VVAGVANALAHK 0.957161988832531)	1	1	0.977938249309493	1	1	

P69891	0.0298004150390625	0	0	0.38887016218114	1	12	5	1
LLVVYPWTQR 0.995620786120258)	1	1	0.998677460566337	1	1	

P69892	0.0300140380859375	0	0	0.389043359449532	1	12	5	1
LLVVYPWTQR 0.995620786120258)	1	1	0.998677460566337	1	1	




#237 0.592977237771167  1  32  1

REVERSED_00003628	0	0	1	0.592977237771167	1	32	1	0.592977237771167
EILEEIQVPPR 6.34874866832996e-006)	0	0	6.34827882279235e-006	0	0	




#238 0.592982023477987  1  108  1

Q8TEQ6	0	0	1	0.592982023477988	1	108	1	0.592982023477987
EPVICTPVSSGFEK 2.14235540775777e-005)	0	0	2.1421779192812e-005	0	0	




#239 0.592960754524028  1  24  1

REVERSED_00006784	0	0	1	0.592960754524028	1	24	1	0.592960754524028
WPDEQLLTEVVAK 1.196871803851e-005)	0	0	1.19675023340182e-005	0	0	




#240 0.592970462829534  1  13  1

Q9Y3C1	0	0	1	0.592970462829534	1	13	1	0.592970462829534
AMEVDIEERPK 0.000198130978194583)	0	0	0.000198092949743486	0	0	




#241 0.592963720254299  1  39  1

Q5HY92	0	0	1	0.592963720254299	1	39	1	0.592963720254299
AFYMAGQGDMDSSYGNYSYGQQR 5.52199585583477e-006)	0	0	5.52142554764177e-006	0	0	




#242 0.592962601813155  1  44  1

REVERSED_00000219	0	0	1	0.592962601813155	1	44	1	0.592962601813155
LPYIVQER 4.45024409130107e-006)	0	0	4.44979804114922e-006	0	0	




#243 0.592955804710632  1  22  1

REVERSED_00008448	0	0	1	0.592955804710632	1	22	1	0.592955804710632
NVIADEDEQEDSK 3.1759712343853e-005)	0	0	3.17558316473804e-005	0	0	




#244 0.592977419506909  1  101  1

Q9P2P6	0	0	1	0.592977419506909	1	101	1	0.592977419506909
TNTFEQGTQTLGSR 4.44270022700917e-006)	0	0	4.44235801799182e-006	0	0	




#245 0.592951055064074  1  33  1

P05093	0	0	1	0.592951055064074	1	33	1	0.592951055064074
SLLSLPLVGSLPFLPR 1.99028471593217e-005)	0	0	1.99002783278697e-005	0	0	




#246 0.834330394688057  2  144  2

REVERSED_00006101	0	0	1	0.592972450762932	1	40	2	0.834330394688057
LLNLSAMIR 6.43916810868144e-005)	0	0	6.43836538502767e-005	0	0	

REVERSED_00014602	0	0	1	0.592976923497013	1	105	2	0.834330394688057
AEFWDPMFCNEGTEWASSK 1.67143244968433e-006)	0	0	1.67130110859471e-006	0	0	




#247 0.600726949815586  1  34  1

REVERSED_00000749	0.0044097900390625	1	1	0.600726949815586	1	34	1	0.600726949815586
HFADSVYLDDR 0.155719360382552)	0	0	0.143403433470204	0	0	




#248 0.592955639840831  1  158  1

Q9H251	0	0	1	0.592955639840831	1	158	1	0.592955639840831
AAIQEYDNIAK 1.93951448613546e-006)	0	0	1.93929461625706e-006	0	0	




#249 0.99999999909625  1  10  5

P00167	0.74554443359375	1	1	0.99999999909625	5	10	1	0.99999999909625
EQAGGDATENFEDVGHSTDAR 0.998732576534571)	1	1	0.999827812178033	1	1	
FLEEHPGGEEVLR 0.998514345622176)	1	1	0.99992022515412	1	1	
LYMAED 0.970184490374257)	1	1	0.982559830822705	1	1	
TFIIGELHPDDRPK 0.992324225142262)	1	1	0.999264638462092	1	1	
YYTLEEIQK 0.938994356307685)	1	1	0.972493798122587	1	1	




#250 0.592985625407218  1  93  1

REVERSED_00009612	0	0	1	0.592985625407218	1	93	1	0.592985625407218
VASHSLSNGSLDLEK 2.03697497062025e-006)	0	0	2.03684648699868e-006	0	0	




#251 0.59295195810838  1  55  1

P35523	0	0	1	0.59295195810838	1	55	1	0.59295195810838
YTIFVEDIMVR 1.1801473307698e-005)	0	0	1.18000607740648e-005	0	0	




#252 0.592961751064991  1  54  1

REVERSED_00014483	0	0	1	0.592961751064991	1	54	1	0.592961751064991
QLSSNAVAPSPPR 2.33246416358599e-005)	0	0	2.33219351997957e-005	0	0	




#253 0.592975220447109  1  26  1

REVERSED_00014801	0	0	1	0.592975220447109	1	26	1	0.592975220447109
LNYIENLQGQLR 1.15367107726234e-005)	0	0	1.15357619058815e-005	0	0	




#254 0.592959721482382  1  50  0

O14526	0	0	1	0.592959721482382	0	50	1	0.592959721482382




#255 0.592977331856309  1  19  1

Q12948	0	0	1	0.592977331856309	1	19	1	0.592977331856309
GSPQSAAAELSSGLLASAAASSR 3.87537806478847e-006)	0	0	3.87508433352238e-006	0	0	




#256 0.592971140432869  1  38  1

P58743	0	0	1	0.592971140432869	1	38	1	0.592971140432869
HISIGPFAVISLMIGGVAVR 6.51440833032852e-006)	0	0	6.51382858354028e-006	0	0	




#257 0.592966737019557  1  84  1

REVERSED_00016051	0	0	1	0.592966737019557	1	84	1	0.592966737019557
EEDGFAAAAAAATALSVGCSK 1.61554303114147e-006)	0	0	1.61538913780373e-006	0	0	




#258 1  1  10  5

P41159	0.69134521484375	1	1	1	5	10	1	1
DLLHVLAFSK 0.998061394129977)	1	1	0.999922553213702	1	1	
INDISHTQSVSSK 0.998818020975185)	1	1	0.99991602722205	1	1	
MDQTLAVYQQILTSMPSR 0.998070248875736)	1	1	0.999567831089606	1	1	
NVIQISNDLENLR 0.998898013814869)	1	1	0.999963567643441	1	1	
VTGLDFIPGLHPILTLSK 1)	1	1	1	1	1	




#259 0.592986101734083  1  56  1

Q9Y6C2	0	0	1	0.592986101734083	1	56	1	0.592986101734083
ETNTTSQMQAALLEK 6.06181984413858e-006)	0	0	6.06143611032442e-006	0	0	




#260 0.592952630387045  1  19  1

REVERSED_00011866	0	0	1	0.592952630387045	1	19	1	0.592952630387045
STGEGTCTIDGVTVR 0.000121068573293859)	0	0	0.000121046922900712	0	0	




#261 1  2  27  5

P02689	0	0	1	0.59298662721604	1	14	2	1
NTEISFK 0.0342152949134294)	0	0	0.0582482677679432	0	0	

P05413	0.170639038085938	1	1	1	5	14	2	1
LGVEFDETTADDR 1)	1	1	1	1	1	
NTEISFK 0.0342152949134294)	0	0	0.0582482677679432	0	0	
SIVTLDGGK 0.911883566150142)	1	1	0.961976719040735	1	1	
SLGVGFATR 1)	1	1	1	1	1	
WDGQETTLVR 0.988014519629665)	1	1	0.995375674302272	1	1	




#262 0.592956683728315  1  24  1

REVERSED_00013643	0	0	1	0.592956683728315	1	24	1	0.592956683728315
LSLSCDQPNTESLR 0.000306890883297143)	0	0	0.000306809498085105	0	0	




#263 0.592959110334785  1  40  1

REVERSED_00000084	0	0	1	0.592959110334785	1	40	1	0.592959110334785
IYPLIQNMIITER 3.29488080741044e-005)	0	0	3.29447125051221e-005	0	0	



#264 0.995452554692259  6  451  6

REVERSED_00004967	0	0	1	0.592983393549255	1	183	6	0.995452554692259
YFLLEWVSVSQGQLAGSGPTVR 1.69197085185367e-007)	0	0	1.69174336436118e-007	0	0	

REVERSED_00004981	0	0	1	0.592973438115346	1	67	6	0.995452554692259
LFQSCNVCQTPGPGWCHGR 1.69015171345603e-006)	0	0	1.68986228252016e-006	0	0	

REVERSED_00007924	0	0	1	0.59295825999761	1	70	6	0.995452554692259
NPSCNALNSYIHNTSESIQK 4.16519120217862e-006)	0	0	4.16463185479572e-006	0	0	

REVERSED_00008735	0	0	1	0.592954942732711	1	50	6	0.995452554692259
IVEPAMWAYTGAASMQTTK 1.43387583165174e-006)	0	0	1.43356552704365e-006	0	0	

REVERSED_00015499	0	0	1	0.59295780268857	1	36	6	0.995452554692259
GLVCPLHQFR 0.000320045945151612)	0	0	0.000319949878221147	0	0.005	

REVERSED_00015744	0	0	1	0.592983760021254	1	50	6	0.995452554692259
TQFPVWDAYPSPGLANACR 4.10156073770805e-006)	0	0	4.1011077294833e-006	0	0	




#265 0.631467776146691  1  32  1

REVERSED_00002108	0.03607177734375	0	1	0.631467776146691	1	32	1	0.631467776146691
EQEAEFEAER 0.356041851674537)	0	0	0.30548765047791	0	0	




#266 0.592957812731582  1  47  1

Q4VXU2	0	0	1	0.592957812731582	1	47	1	0.592957812731582
VMTEGGHSK 6.52091290888541e-006)	0	0	6.52018575176961e-006	0	0	




#267 1  1  39  17

P04040	0.4193115234375	1	1	1	17	39	1	1
ADVLTTGAGNPVGDK 1)	1	1	1	1	1	
AFYVNVLNEEQR 0.998574092867895)	1	1	0.999745822294887	1	1	
DAQIFIQK 0.971201771931193)	1	1	0.994631131234152	1	1	
DLFNAIATGK 0.985670518996107)	1	1	0.997538350960192	1	1	
DPASDQMQHWK 0.990737287428458)	1	1	0.996099696904473	1	1	
DPILFPSFIHSQK 1)	1	1	1	1	1	
FNTANDDNVTQVR 1)	1	1	1	1	1	
GAGAFGYFEVTHDITK 0.996698302851641)	1	1	0.998949090510908	1	1	
HMNGYGSHTFK 1)	1	1	1	1	1	
LCENIAGHLK 0.996538827194628)	1	1	0.999477343820816	1	1	
LFAYPDTHR 0.982363807889259)	1	1	0.99443977662989	1	1	
LGPNYLHIPVNCPYR 1)	1	1	1	1	1	
LNVITVGPR 0.998400667907109)	1	1	0.999747665286319	1	1	
LSQEDPDYGIR 0.996775542012462)	1	1	0.999229512409101	1	1	
LVNANGEAVYCK 0.997086720749984)	1	1	0.999449073651453	1	0.995	
NAIHTFVQSGSHLAAR 1)	1	1	1	1	1	
NLSVEDAAR 0.617189591726558)	1	1	0.773470344946372	1	0.78	




#268 0.648629301112785  1  63  1

O00410	0.0036773681640625	1	1	0.648629301112786	1	63	1	0.648629301112785
SELLMIIQMETQSSMR 0.412636818122713)	1	0	0.35248080900159	0	0	




#269 0.592968648924263  1  23  1

P23193	0	0	1	0.592968648924263	1	23	1	0.592968648924263
SADEPMTTFVVCNECGNR 1.48598974623583e-005)	0	0	1.48584435771235e-005	0	0	




#270 0.592982910031234  1  53  1

P01833	0	0	1	0.592982910031234	1	53	1	0.592982910031234
VPGNVTAVLGETLK 5.45001294812077e-006)	0	0	5.44964247448694e-006	0	0	




#271 0.592951759604955  1  18  1

REVERSED_00014224	0	0	1	0.592951759604955	1	18	1	0.592951759604955
AEFTDLAQFTESTCM 1.85091868863169e-005)	0	0	1.85067610653952e-005	0	0	




#272 0.592986200178999  1  67  1

REVERSED_00001567	0	0	1	0.592986200178999	1	67	1	0.592986200178999
LASTGEYEEVLANVDR 1.33933914656411e-005)	0	0	1.33924751529166e-005	0	0	




#273 0.592953156604005  1  91  1

Q8WXR4	0	0	1	0.592953156604005	1	91	1	0.592953156604005
HSVSGTDLLSSR 8.67554958116908e-006)	0	0	8.67449740484789e-006	0	0	




#274 0.592976684344598  1  47  1

REVERSED_00003072	0	0	1	0.592976684344598	1	47	1	0.592976684344598
LDTHTLQNEHLFR 3.58563028714447e-005)	0	0	3.58528837058144e-005	0	0	




#275 0.59296813940844  1  75  1

O75717	0	0	1	0.59296813940844	1	75	1	0.59296813940844
QILHGDPLPLTR 7.35283114141079e-006)	0	0	7.35213640595849e-006	0	0	




#276 0.99996555753472  1  8  4

P10599	0.3131103515625	1	1	0.99996555753472	4	8	1	0.99996555753472
CMPTFQFFK 0.683384075558339)	1	1	0.852614747135151	1	1	
LEATINELV 0.657688922051399)	1	1	0.829388352477642	1	1	
MIKPFFHSLSEK 0.993666079535747)	1	1	0.998526065734665	1	1	
TAFQEALDAAGDK 0.988093381358168)	1	1	0.996657468052485	1	1	




#277 0.645360981856402  1  32  1

Q9UQ13	0.014129638671875	0	1	0.645360981856402	1	32	1	0.645360981856402
IPFGIFSR 0.404301143228846)	0	0	0.34779981530194	1	1	




#278 0.932563648872055  3  91  1

Q8IVF7	0	0	1	0.592969277581085	0	71	3	0.932563648872055

Q9H4I8	0	0	1	0.592959088434864	1	18	3	0.932563648872055
AIEHVLQVEASQEPSHVFSLK 4.5583682561393e-005)	0	0	4.55785925284126e-005	0	0	

Q9NQF3	0	0	1	0.592967759517504	1	11	3	0.932563648872055
AIEHVLQVEASQEPSHVFSLK 4.5583682561393e-005)	0	0	4.55785925284126e-005	0	0	




#279 0.592984003899893  1  14  1

REVERSED_00008718	0	0	1	0.592984003899892	1	14	1	0.592984003899893
DAEPLEVTVTTESSPSLLPK 1.56792906628975e-005)	0	0	1.56782233407469e-005	0	0	




#280 0.592966270127867  1  29  1

P38405	0	0	1	0.592966270127867	1	29	1	0.592966270127867
ILHVNGFNPEEK 7.92332190319157e-005)	0	0	7.92222133415005e-005	0	0	




#281 0.834335624985821  2  222  2

P35579	0	0	1	0.592977697667322	1	160	2	0.834335624985821
IIGLDQVAGMSETALPGAFK 5.52319444728571e-006)	0	0	5.52275347198697e-006	0	0	

Q9NR96	0	0	1	0.592984526732951	1	63	2	0.834335624985821
LAPEDLANLTALR 2.27966237190499e-006)	0	0	2.27951452151012e-006	0	0	




#282 0.999997764223222  1  18  4

P01127	0.186515808105469	1	1	0.999997764223222	4	18	1	0.999997764223222
ATVTLEDHLACK 0.893257158039113)	1	1	0.95184123064049	1	1	
NVQCRPTQVQLRPVQVR 0.981244443009395)	1	1	0.992540648958167	1	1	
SLGSLTIAEPAMIAECK 0.96394703578171)	1	1	0.982905257072872	1	1	
TEVFEISR 0.992198660061285)	1	1	0.996695900216634	1	1	




#283 1  1  34  14

P01008	0.456817626953125	1	1	1	14	34	1	1
ADGESCSASMMYQEGK 0.985955196451857)	1	1	0.997407908329534	1	1	
AFLEVNEEGSEAAASTAVVIAGR 0.986481614495231)	1	1	0.993770856434858	1	0.985	
ANRPFLVFIR 0.996337181699034)	1	1	0.999607493508839	1	1	
DDLYVSDAFHK 0.998559438251)	1	1	0.999783085008094	1	1	
DIPMNPMCIYR 0.975631320928214)	1	1	0.993820109782079	1	0.995	
EQLQDMGLVDLFSPEK 0.997053394358889)	1	1	0.999271121196929	1	1	
EVPLNTIIFMGR 1)	1	1	1	1	1	
FATTFYQHLADSK 1)	1	1	1	1	1	
GDDITMVLILPKPEK 0.998481016225097)	1	1	0.999363629266577	1	1	
IEDGFSLK 0.793325383403566)	1	1	0.895913485889846	1	0.92	
LPGIVAEGR 0.998415810350292)	1	1	0.999622862358917	1	1	
NDNDNIFLSPLSISTAFAMTK 0.957026193650811)	1	1	0.982937656838433	1	0.985	
TSDQIHFFFAK 0.998296805107811)	1	1	0.99976565169917	1	1	
VAEGTQVLELPFK 0.992835349805703)	1	1	0.999086685086601	1	0.995	



#284 1  1  47  23

P02768	0.399894714355469	1	1	1	23	47	1	1
AAFTECCQAADK 0.960623122688086)	1	1	0.989750055730981	1	0.995	
AEFAEVSK 0.982608529518856)	1	1	0.99350514664248	1	1	
AVMDDFAAFVEK 0.907723697785981)	1	1	0.980803496319522	1	0.98	
CCAAADPHECYAK 0.966912518821204)	1	1	0.994903772163491	1	1	
CCTESLVNR 0.996184256324388)	1	1	0.998979051771871	1	1	
DDNPNLPR 0.192391774424639)	0	0	0.295863237060011	0	0.3	
DLGEENFK 0.0964162265410185)	0	0	0.168761235305856	0	0.15	
ETYGEMADCCAK 0.883318395721408)	1	1	0.968761033401267	1	0.985	
FQNALLVR 0.993604396762565)	1	1	0.998234792534198	1	0.995	
HPDYSVVLLLR 0.998043648476986)	1	1	0.999713530334502	1	1	
HPYFYAPELLFFAK 0.994494819596628)	1	1	0.998988305775722	1	1	
LVAASQAALGL 0.997839889737537)	1	1	0.999387142779293	1	1	
LVNEVTEFAK 1)	1	1	1	1	1	
LVTDLTK 0.974510755047771)	1	1	0.98653169748186	1	0.965	
QNCELFEQLGEYK 1)	1	1	1	1	1	
QTALVELVK 0.915933868858318)	1	1	0.963216398197407	1	0.98	
RPCFSALEVDETYVPK 0.943913586716663)	1	1	0.986744854582836	1	0.985	
SLHTLFGDK 0.899507224299548)	1	1	0.966121902117948	1	0.95	
TYETTLEK 0.978278244003918)	1	1	0.992443114159118	1	0.99	
VFDEFKPLVEEPQNLIK 1)	1	1	1	1	1	
VPQVSTPTLVEVSR 1)	1	1	1	1	1	
YICENQDSISSK 0.994654006787149)	1	1	0.998658493145389	1	1	
YLYEIAR 0.941668963422942)	1	1	0.976161027725147	1	1	




#285 0.592985364048782  1  15  1

Q86SG7	0	0	1	0.592985364048782	1	15	1	0.592985364048782
GSEMFAEMDLR 8.62737522901795e-006)	0	0	8.62684518614561e-006	0	0	




#286 0.592982698055863  1  21  1

REVERSED_00004668	0	0	1	0.592982698055863	1	21	1	0.592982698055863
VVIVTQDK 4.74064673917481e-005)	0	0	4.74021856929482e-005	0	0	




#287 0.592967354814203  1  261  1

O75445	0	0	1	0.592967354814203	1	261	1	0.592967354814203
SCHYNISVDPFPFEHFR 5.76339665298652e-006)	0	0	5.76283425380483e-006	0	0	




#288 0.592983513675777  1  38  1

REVERSED_00001133	0	0	1	0.592983513675777	1	38	1	0.592983513675777
VHLVEGVGLAESSPETSLR 1.01789039182375e-005)	0	0	1.01781662598048e-005	0	0	




#289 0.592971729677515  1  29  1

P45985	0	0	1	0.592971729677515	1	29	1	0.592971729677515
QLLMDLDVVMR 7.45621528487229e-006)	0	0	7.45558292882764e-006	0	0	




#290 0.592952671808617  1  26  1

REVERSED_00005459	0	0	1	0.592952671808617	1	26	1	0.592952671808617
CLVEECDSLPEQLTR 7.40407602670715e-006)	0	0	7.40321548051928e-006	0	0	




#291 0.59298063970387  1  56  1

REVERSED_00006156	0	0	1	0.59298063970387	1	56	1	0.59298063970387
GEPGPPLGPEAADM 2.98662304714314e-006)	0	0	2.98640926959661e-006	0	0	




#292 0.592976207831995  1  21  1

REVERSED_00006225	0	0	1	0.592976207831995	1	21	1	0.592976207831995
CGEPSWGGWPQK 2.88797359725934e-005)	0	0	2.8877188284083e-005	0	0	




#293 0.592987017387265  1  112  1

Q9NTI5	0	0	1	0.592987017387265	1	112	1	0.592987017387265
METVSNASSSSNPSSPGR 4.59726501098856e-006)	0	0	4.59697515418326e-006	0	0	




#294 0.592958706849579  1  37  1

REVERSED_00013537	0	0	1	0.592958706849579	1	37	1	0.592958706849579
YTYNGCIECNYNINLGHLK 1.56393924433364e-005)	0	0	1.56376280498506e-005	0	0	




#295 0.592977756157824  1  12  1

Q9HB03	0	0	1	0.592977756157824	1	12	1	0.592977756157824
VIELGDTAFIILR 8.6719927707133e-005)	0	0	8.67109439517343e-005	0	0	




#296 0.623991922878995  1  72  1

Q969F9	0.0026702880859375	0	1	0.623991922878995	1	72	1	0.623991922878995
ACPPVSMDVCALR 0.308553281408901)	0	0	0.26859430925264	1	1	




#297 0.592979362383887  1  32  1

Q8NCR0	0	0	1	0.592979362383887	1	32	1	0.592979362383887
TDDDCYIDLEAVFNR 3.11318810691392e-005)	0	0	3.11291321821885e-005	0	0	




#298 0.59296769021207  1  16  1

REVERSED_00006362	0	0	1	0.59296769021207	1	16	1	0.59296769021207
GLPATQGWGAVSCTQGPK 9.73654966619225e-006)	0	0	9.73565614196352e-006	0	0	




#299 0.834321695577736  2  139  2

Q99570	0	0	1	0.592956501555741	1	89	2	0.834321695577736
ANDVLLSHMITFLNDK 1.33580260694586e-005)	0	0	1.33564305886918e-005	0	0	

REVERSED_00014250	0	0	1	0.592971500452665	1	51	2	0.834321695577736
QANELIK 6.16974352800225e-007)	0	0	6.16920339678392e-007	0	0	
